// General information: 
//  MT Manager version: 2021.0.0 
//  XDA version: 2021.0.0 build 5908 rev 109668 built on 2021-04-19
// Device information: 
//  DeviceId: 00B43DF4
//  ProductCode: MTW2-3A7G6
//  Firmware Version: 4.3.5
//  Hardware Version: 1.1.0
// Device settings: 
//  Filter Profile: human(46.1)
//  Option Flags: Orientation Smoother Disabled, Position/Velocity Smoother Disabled, Continuous Zero Rotation Update Disabled, AHS Disabled, ICC Disabled
// Coordinate system: ENU
PacketCounter	Acc_X	Acc_Y	Acc_Z	FreeAcc_E	FreeAcc_N	FreeAcc_U	Quat_q0	Quat_q1	Quat_q2	Quat_q3
64468	8.950451	-0.346564	4.811180	0.151524	-0.049677	0.353566	-0.603935	-0.356799	0.375191	-0.605961
64469	8.945172	-0.343282	4.845129	0.143942	-0.079776	0.364844	-0.603959	-0.356620	0.375318	-0.605965
64470	8.934571	-0.356158	4.839999	0.153165	-0.079487	0.353394	-0.603962	-0.356445	0.375456	-0.605979
64471	8.937451	-0.351905	4.858851	0.144807	-0.094679	0.364757	-0.603929	-0.356319	0.375605	-0.605993
64472	8.947708	-0.395205	4.828068	0.184836	-0.063993	0.360299	-0.603858	-0.356260	0.375758	-0.606003
64473	8.945197	-0.406337	4.807977	0.193495	-0.049152	0.348929	-0.603826	-0.356220	0.375907	-0.605967
64474	8.974087	-0.357609	4.790314	0.142036	-0.022310	0.365159	-0.603758	-0.356216	0.376097	-0.605918
64475	8.998552	-0.382548	4.782195	0.164234	-0.006890	0.383520	-0.603686	-0.356230	0.376270	-0.605875
64476	9.018935	-0.354169	4.774560	0.133956	0.006202	0.397360	-0.603618	-0.356284	0.376413	-0.605822
64477	9.039118	-0.373496	4.731150	0.152803	0.050787	0.395300	-0.603570	-0.356355	0.376514	-0.605765
64478	9.027049	-0.342332	4.740576	0.121496	0.034613	0.388386	-0.603541	-0.356404	0.376568	-0.605732
64479	9.014921	-0.355847	4.781853	0.135005	-0.009013	0.397270	-0.603534	-0.356456	0.376584	-0.605698
64480	8.988819	-0.325294	4.817462	0.105084	-0.054378	0.390186	-0.603490	-0.356557	0.376631	-0.605653
64481	8.955325	-0.301841	4.730955	0.084404	0.003539	0.319625	-0.603428	-0.356716	0.376673	-0.605595
64482	8.965054	-0.312144	4.731657	0.096083	0.003578	0.328761	-0.603325	-0.356929	0.376713	-0.605548
64483	9.012480	-0.340141	4.767764	0.124398	-0.010469	0.388121	-0.603231	-0.357134	0.376766	-0.605487
64484	8.979907	-0.342166	4.828580	0.127679	-0.083871	0.387688	-0.603137	-0.357334	0.376836	-0.605419
64485	9.008257	-0.326157	4.756884	0.113408	-0.011254	0.378978	-0.603083	-0.357482	0.376910	-0.605339
64486	9.070386	-0.332819	4.771388	0.119867	0.002996	0.440821	-0.603107	-0.357509	0.376870	-0.605326
64487	9.112438	-0.339551	4.711822	0.128229	0.076364	0.450393	-0.603135	-0.357547	0.376725	-0.605365
64488	9.028068	-0.348996	4.801400	0.140040	-0.040507	0.417660	-0.603128	-0.357600	0.376579	-0.605432
64489	9.011913	-0.343072	4.676595	0.137988	0.062299	0.345063	-0.603095	-0.357748	0.376548	-0.605396
64490	9.061799	-0.313996	4.769079	0.108751	0.001702	0.431681	-0.603002	-0.357899	0.376534	-0.605407
64491	8.908185	-0.329864	4.764555	0.127786	-0.070287	0.293958	-0.602768	-0.358163	0.376660	-0.605406
64492	8.820116	-0.313914	4.891732	0.111623	-0.232483	0.274706	-0.602498	-0.358525	0.376955	-0.605277
64493	8.865063	-0.285280	4.769836	0.083961	-0.116396	0.257141	-0.602210	-0.359017	0.377358	-0.605022
64494	8.977980	-0.244339	4.881434	0.040960	-0.178049	0.407823	-0.601963	-0.359510	0.377760	-0.604723
64495	9.016779	-0.246894	4.670757	0.046700	0.012989	0.344914	-0.601813	-0.359899	0.378108	-0.604423
64496	9.129298	-0.239246	4.501212	0.041177	0.203049	0.366669	-0.601616	-0.360357	0.378370	-0.604183
64497	9.049452	-0.236495	4.677610	0.040699	-0.002586	0.376859	-0.601401	-0.360848	0.378611	-0.603953
64498	9.020171	-0.299969	4.943047	0.104529	-0.264655	0.473527	-0.601210	-0.361293	0.378927	-0.603679
64499	9.019968	-0.286211	4.697082	0.093530	-0.059490	0.360415	-0.601005	-0.361610	0.379429	-0.603378
64500	9.045978	-0.255733	4.633474	0.059275	-0.002707	0.353957	-0.600905	-0.361572	0.380020	-0.603129
64501	9.002327	-0.347550	4.693324	0.145345	-0.087324	0.344143	-0.600721	-0.361729	0.380631	-0.602832
64502	9.192889	-0.339839	4.599127	0.132044	0.072250	0.470990	-0.600597	-0.361869	0.380995	-0.602642
64503	9.295472	-0.352308	4.394467	0.143457	0.292387	0.470074	-0.600422	-0.362082	0.381300	-0.602495
64504	9.066248	-0.371316	4.678024	0.160860	-0.073241	0.394535	-0.600236	-0.362264	0.381648	-0.602351
64505	9.099371	-0.318043	4.606122	0.105296	-0.002478	0.390497	-0.600060	-0.362402	0.381987	-0.602229
64506	9.049348	-0.292956	4.574389	0.077730	-0.003615	0.331055	-0.599884	-0.362432	0.382295	-0.602190
64507	8.940136	-0.288706	4.792620	0.067545	-0.253599	0.331755	-0.599687	-0.362437	0.382660	-0.602152
64508	9.005290	-0.333478	4.698349	0.106746	-0.149702	0.348372	-0.599415	-0.362608	0.383233	-0.601955
64509	9.072971	-0.328263	4.520616	0.097150	0.025640	0.328930	-0.599094	-0.362852	0.383876	-0.601718
64510	9.093190	-0.361094	4.448311	0.124549	0.085263	0.315548	-0.598839	-0.362968	0.384520	-0.601490
64511	9.063707	-0.426172	4.628937	0.180604	-0.103749	0.371420	-0.598563	-0.363115	0.385234	-0.601219
64512	9.157597	-0.502876	4.605934	0.249836	-0.057755	0.447103	-0.598273	-0.363410	0.385939	-0.600877
64513	9.106632	-0.504149	4.426626	0.251605	0.060172	0.322053	-0.597839	-0.364026	0.386686	-0.600456
64514	9.219001	-0.444930	4.429924	0.188874	0.085845	0.422991	-0.597526	-0.364543	0.387306	-0.600055
64515	9.050251	-0.477217	4.597334	0.221980	-0.161781	0.345794	-0.597043	-0.365364	0.388040	-0.599561
64516	9.062549	-0.481813	4.427967	0.230320	-0.029413	0.282602	-0.596545	-0.366182	0.388657	-0.599158
64517	9.047855	-0.406394	4.529923	0.155136	-0.150301	0.311657	-0.596077	-0.366949	0.389207	-0.598797
64518	9.157454	-0.397571	4.546360	0.145647	-0.137117	0.416994	-0.595726	-0.367542	0.389605	-0.598524
64519	9.245844	-0.397499	4.459114	0.146052	-0.035097	0.458864	-0.595443	-0.367959	0.389939	-0.598332
64520	9.309834	-0.413646	4.441477	0.161088	-0.005814	0.509368	-0.595089	-0.368431	0.390364	-0.598116
64521	9.280427	-0.434140	4.253950	0.184514	0.142164	0.402822	-0.595013	-0.368515	0.390388	-0.598125
64522	9.204102	-0.408450	4.397502	0.159221	-0.020455	0.394887	-0.594978	-0.368585	0.390255	-0.598203
64523	9.179811	-0.422927	4.273599	0.177772	0.083244	0.320077	-0.594992	-0.368611	0.390043	-0.598312
64524	9.121573	-0.421646	4.346834	0.178951	-0.004805	0.298880	-0.595009	-0.368657	0.389826	-0.598408
64525	9.081309	-0.466210	4.343508	0.227435	-0.017440	0.262111	-0.595019	-0.368790	0.389663	-0.598421
64526	9.079183	-0.393693	4.394208	0.158281	-0.064686	0.280200	-0.594997	-0.369030	0.389554	-0.598367
64527	9.131953	-0.344770	4.419402	0.112649	-0.067273	0.337451	-0.594968	-0.369302	0.389477	-0.598278
64528	9.091473	-0.351814	4.476494	0.124905	-0.140300	0.325477	-0.594897	-0.369662	0.389411	-0.598169
64529	9.118571	-0.348363	4.468160	0.126540	-0.125952	0.346165	-0.594856	-0.370014	0.389345	-0.598035
64530	9.144183	-0.360733	4.409407	0.144681	-0.066785	0.344266	-0.594807	-0.370354	0.389299	-0.597904
64531	9.180800	-0.320632	4.441053	0.108836	-0.083499	0.389960	-0.594807	-0.370616	0.389206	-0.597803
64532	9.240014	-0.359399	4.400714	0.152193	-0.023664	0.426921	-0.594869	-0.370816	0.389060	-0.597711
64533	9.240383	-0.325156	4.433417	0.123728	-0.054579	0.440474	-0.594935	-0.371091	0.388917	-0.597568
64534	9.181931	-0.285602	4.372277	0.092740	-0.026207	0.360657	-0.595016	-0.371371	0.388743	-0.597427
64535	9.166566	-0.283777	4.330551	0.098232	0.003247	0.328835	-0.595084	-0.371617	0.388591	-0.597305
64536	9.144208	-0.255274	4.336160	0.075895	-0.012434	0.310458	-0.595171	-0.371799	0.388453	-0.597195
64537	9.153342	-0.257343	4.290796	0.083119	0.031690	0.299331	-0.595264	-0.371941	0.388361	-0.597073
64538	9.176426	-0.280261	4.331576	0.109444	0.002944	0.337973	-0.595326	-0.372099	0.388351	-0.596919
64539	9.208645	-0.282788	4.359520	0.114642	-0.012096	0.379037	-0.595347	-0.372289	0.388418	-0.596736
64540	9.226752	-0.270585	4.348773	0.104849	0.001729	0.390596	-0.595363	-0.372415	0.388455	-0.596618
64541	9.190733	-0.263032	4.328950	0.100130	0.001595	0.349425	-0.595393	-0.372536	0.388494	-0.596488
64542	9.195259	-0.256799	4.393801	0.095642	-0.057756	0.381024	-0.595446	-0.372649	0.388523	-0.596345
64543	9.172861	-0.242703	4.298244	0.085734	0.015276	0.319814	-0.595397	-0.372921	0.388565	-0.596196
64544	9.188732	-0.353448	4.377272	0.198485	-0.054280	0.369449	-0.595384	-0.373087	0.388610	-0.596076
64545	9.210796	-0.303201	4.174171	0.151874	0.134691	0.302310	-0.595307	-0.373314	0.388693	-0.595956
64546	9.198950	-0.294282	4.421899	0.140706	-0.101308	0.396642	-0.595228	-0.373406	0.389072	-0.595731
64547	9.159774	-0.310511	4.280165	0.157023	0.002306	0.301314	-0.595096	-0.373585	0.389356	-0.595564
64548	9.189714	-0.263426	4.304152	0.109600	-0.014900	0.337866	-0.594900	-0.373930	0.389524	-0.595434
64549	9.182146	-0.242841	4.326144	0.090193	-0.045421	0.339953	-0.594713	-0.374197	0.389623	-0.595388
64550	9.193562	-0.310498	4.256716	0.158638	0.015765	0.322016	-0.594508	-0.374440	0.389778	-0.595339
64551	9.247462	-0.261139	4.230251	0.108975	0.057164	0.359020	-0.594380	-0.374613	0.389851	-0.595310
64552	9.284123	-0.286438	4.242642	0.134029	0.057621	0.397881	-0.594283	-0.374751	0.389906	-0.595284
64553	9.214663	-0.304217	4.287074	0.152713	-0.014923	0.353827	-0.594176	-0.374880	0.389932	-0.595292
64554	9.217911	-0.282800	4.286362	0.132044	-0.016032	0.356141	-0.594034	-0.375087	0.389952	-0.595290
64555	9.212991	-0.249864	4.281939	0.100015	-0.017513	0.349317	-0.593884	-0.375255	0.389973	-0.595320
64556	9.205725	-0.266757	4.243051	0.117099	0.012344	0.326649	-0.593761	-0.375332	0.389990	-0.595384
64557	9.237486	-0.241054	4.257086	0.089662	0.010633	0.360998	-0.593631	-0.375401	0.390103	-0.595396
64558	9.255604	-0.261524	4.212382	0.108408	0.055087	0.359037	-0.593495	-0.375486	0.390276	-0.595365
64559	9.300894	-0.300499	4.227288	0.144957	0.055877	0.407037	-0.593330	-0.375615	0.390432	-0.595345
64560	9.261932	-0.285319	4.315925	0.128445	-0.047668	0.408527	-0.593136	-0.375842	0.390708	-0.595214
64561	9.161488	-0.246801	4.321407	0.089436	-0.107449	0.318885	-0.592792	-0.376253	0.391293	-0.594913
64562	9.213350	-0.342633	4.130688	0.183134	0.071961	0.288157	-0.592548	-0.376519	0.391840	-0.594628
64563	9.163926	-0.365117	4.056300	0.204716	0.102422	0.212879	-0.592234	-0.377013	0.392500	-0.594192
64564	9.201856	-0.247798	4.310973	0.083682	-0.138288	0.350671	-0.591721	-0.377803	0.393441	-0.593579
64565	9.342497	-0.300136	3.783340	0.136482	0.377340	0.263272	-0.591404	-0.378190	0.394025	-0.593259
64566	9.306156	-0.319359	4.008946	0.152469	0.142496	0.323121	-0.591164	-0.378484	0.394400	-0.593063
64567	9.161581	-0.299600	4.055910	0.133888	0.025109	0.210093	-0.590756	-0.379104	0.394950	-0.592707
64568	9.160357	-0.228185	4.183189	0.061346	-0.110405	0.259417	-0.590375	-0.379628	0.395475	-0.592401
64569	9.300301	-0.236612	4.328841	0.064913	-0.200047	0.446270	-0.590174	-0.379793	0.395790	-0.592286
64570	9.286095	-0.287314	4.396999	0.111152	-0.272028	0.461618	-0.590177	-0.379542	0.395991	-0.592309
64571	9.293656	-0.335045	4.161058	0.154956	-0.050027	0.374176	-0.590259	-0.379143	0.396058	-0.592438
64572	9.357935	-0.310456	4.103359	0.124037	0.036086	0.409259	-0.590389	-0.378668	0.396009	-0.592645
64573	9.378760	-0.355176	4.171733	0.162270	-0.007049	0.456892	-0.590605	-0.378090	0.395833	-0.592916
64574	9.270640	-0.390946	4.070716	0.196274	0.053753	0.317806	-0.590790	-0.377599	0.395610	-0.593194
64575	9.214978	-0.358809	4.205393	0.160089	-0.079980	0.321308	-0.590964	-0.377153	0.395379	-0.593458
64576	9.195112	-0.341926	4.128709	0.141075	-0.007443	0.271621	-0.591088	-0.376760	0.395197	-0.593705
64577	9.197178	-0.381791	4.188011	0.177117	-0.050609	0.298660	-0.591249	-0.376350	0.394989	-0.593944
64578	9.219371	-0.366255	4.195342	0.158076	-0.037185	0.321683	-0.591443	-0.375908	0.394765	-0.594179
64579	9.230976	-0.359240	4.197946	0.148280	-0.023338	0.333257	-0.591654	-0.375475	0.394520	-0.594405
64580	9.242596	-0.347169	4.151904	0.134513	0.034546	0.324625	-0.591867	-0.375079	0.394290	-0.594596
64581	9.294518	-0.352593	4.137869	0.137296	0.077949	0.366183	-0.592019	-0.374767	0.394148	-0.594736
64582	9.232004	-0.363350	4.195840	0.146881	0.004969	0.333514	-0.592108	-0.374586	0.394110	-0.594786
64583	9.237239	-0.345375	4.315609	0.125708	-0.099256	0.387543	-0.592202	-0.374420	0.394191	-0.594744
64584	9.277867	-0.293148	4.144607	0.073087	0.074638	0.352528	-0.592330	-0.374245	0.394294	-0.594658
64585	9.285823	-0.292800	4.327908	0.067757	-0.087931	0.435762	-0.592469	-0.374010	0.394473	-0.594549
64586	9.082933	-0.393829	4.161751	0.172394	-0.023366	0.184546	-0.592481	-0.374021	0.394737	-0.594355
64587	9.170444	-0.299916	4.277125	0.074710	-0.102001	0.309802	-0.592254	-0.374447	0.395240	-0.593977
64588	9.226402	-0.454009	4.180410	0.229033	-0.008643	0.324171	-0.592028	-0.374886	0.395848	-0.593521
64589	9.234961	-0.370063	4.264642	0.143155	-0.100559	0.364639	-0.591825	-0.375339	0.396574	-0.592953
64590	9.295804	-0.354193	4.110878	0.125893	0.045119	0.356817	-0.591707	-0.375530	0.397455	-0.592360
64591	9.257729	-0.436426	3.990554	0.207427	0.121965	0.275058	-0.591603	-0.375760	0.398084	-0.591895
64592	9.214649	-0.399125	3.970553	0.171302	0.106027	0.226921	-0.591311	-0.376366	0.398602	-0.591453
64593	9.183586	-0.362962	4.179387	0.133933	-0.116201	0.282153	-0.590950	-0.376995	0.399079	-0.591090
64594	9.335508	-0.343978	4.461602	0.107677	-0.325145	0.534226	-0.590920	-0.377043	0.399331	-0.590921
64595	9.250481	-0.331398	4.194381	0.099327	-0.118832	0.348517	-0.590979	-0.376968	0.399574	-0.590744
64596	9.294262	-0.356317	3.855905	0.127754	0.205258	0.253087	-0.591076	-0.376885	0.399830	-0.590528
64597	9.335112	-0.351692	3.971716	0.119645	0.115951	0.336932	-0.591268	-0.376698	0.399805	-0.590471
64598	9.263059	-0.424892	4.160951	0.191440	-0.086982	0.348715	-0.591310	-0.376800	0.399891	-0.590306
64599	9.215390	-0.352929	3.930964	0.126695	0.102056	0.210983	-0.591349	-0.376923	0.399937	-0.590157
64600	9.220650	-0.345030	4.075913	0.117936	-0.031064	0.273820	-0.591364	-0.377021	0.399975	-0.590054
64601	9.194276	-0.419124	4.136000	0.193659	-0.101770	0.275375	-0.591315	-0.377293	0.400064	-0.589869
64602	9.333702	-0.311066	4.088641	0.086726	-0.004467	0.381634	-0.591362	-0.377334	0.400038	-0.589813
64603	9.285068	-0.374999	4.176715	0.152184	-0.104745	0.373771	-0.591375	-0.377435	0.399854	-0.589860
64604	9.343767	-0.249037	4.343395	0.024013	-0.228227	0.491700	-0.591577	-0.377198	0.399687	-0.589922
64605	9.227024	-0.293534	4.282252	0.071183	-0.210801	0.361412	-0.591798	-0.376838	0.399421	-0.590111
64606	9.177770	-0.375497	4.108591	0.156749	-0.060143	0.248365	-0.592094	-0.376402	0.399021	-0.590364
64607	9.258431	-0.275973	3.986172	0.058938	0.096964	0.270536	-0.592278	-0.376185	0.398732	-0.590512
64608	9.259003	-0.357108	4.085967	0.139867	0.011303	0.313126	-0.592295	-0.376196	0.398492	-0.590650
64609	9.238752	-0.320995	4.193442	0.104682	-0.093179	0.337332	-0.592194	-0.376413	0.398338	-0.590717
64610	9.236015	-0.290969	4.029576	0.080645	0.052806	0.267829	-0.591994	-0.376751	0.398303	-0.590725
64611	9.247352	-0.249015	4.145149	0.038621	-0.052229	0.324056	-0.591797	-0.377011	0.398269	-0.590780
64612	9.214050	-0.254541	4.140700	0.045772	-0.066584	0.291885	-0.591555	-0.377298	0.398343	-0.590789
64613	9.299828	-0.337183	4.152165	0.127320	-0.049961	0.376634	-0.591299	-0.377608	0.398476	-0.590758
64614	9.357271	-0.302254	4.060076	0.093615	0.050908	0.391367	-0.591099	-0.377880	0.398567	-0.590722
64615	9.396689	-0.279195	4.107321	0.069487	0.019813	0.445996	-0.590991	-0.377969	0.398575	-0.590768
64616	9.384077	-0.308919	4.100352	0.099068	0.020730	0.432261	-0.590939	-0.377958	0.398514	-0.590869
64617	9.381466	-0.273870	4.169205	0.062301	-0.039869	0.456865	-0.590966	-0.377821	0.398359	-0.591033
64618	9.365674	-0.271349	4.154386	0.059319	-0.025454	0.436421	-0.591068	-0.377556	0.398091	-0.591282
64619	9.302682	-0.312805	4.102948	0.101469	0.005885	0.358919	-0.591184	-0.377253	0.397772	-0.591573
64620	9.236808	-0.304513	3.972139	0.095124	0.109056	0.245558	-0.591258	-0.377001	0.397466	-0.591866
64621	9.216110	-0.305323	3.891028	0.096786	0.182605	0.193675	-0.591299	-0.376859	0.397253	-0.592058
64622	9.207366	-0.312551	4.086491	0.101020	0.005809	0.265132	-0.591342	-0.376737	0.397097	-0.592197
64623	9.232958	-0.294522	4.086561	0.081980	0.019175	0.288161	-0.591326	-0.376697	0.397075	-0.592253
64624	9.218510	-0.256434	4.131189	0.042267	-0.026685	0.292307	-0.591262	-0.376667	0.397105	-0.592316
64625	9.203846	-0.242257	4.092441	0.027177	0.002084	0.262867	-0.591184	-0.376674	0.397192	-0.592331
64626	9.245490	-0.264796	4.044079	0.047709	0.061010	0.281755	-0.591083	-0.376683	0.397331	-0.592334
64627	9.296302	-0.276009	4.080841	0.054889	0.045673	0.343374	-0.590964	-0.376682	0.397456	-0.592369
64628	9.291320	-0.283802	4.140848	0.059230	-0.013310	0.363369	-0.590864	-0.376669	0.397589	-0.592388
64629	9.251848	-0.286868	3.973401	0.063302	0.119500	0.259483	-0.590620	-0.376872	0.397758	-0.592388
64630	9.204867	-0.387886	4.070670	0.161188	0.005607	0.258279	-0.590453	-0.376912	0.397983	-0.592378
64631	9.250646	-0.357401	3.877409	0.128709	0.195077	0.221347	-0.590261	-0.376977	0.398352	-0.592281
64632	9.319396	-0.332665	4.142004	0.093316	-0.028188	0.390669	-0.590070	-0.377006	0.398949	-0.592050
64633	9.329311	-0.372662	4.261776	0.124888	-0.145192	0.448939	-0.589828	-0.377099	0.399505	-0.591857
64634	9.323802	-0.349703	3.974769	0.101750	0.104044	0.327982	-0.589572	-0.377306	0.399964	-0.591671
64635	9.364828	-0.356362	4.061042	0.102049	0.029584	0.400430	-0.589260	-0.377522	0.400452	-0.591514
64636	9.343426	-0.447145	4.001884	0.189977	0.062226	0.359561	-0.588903	-0.377808	0.400904	-0.591380
64637	9.299232	-0.418112	4.034715	0.157564	0.002359	0.331504	-0.588605	-0.378057	0.401354	-0.591212
64638	9.312973	-0.374918	3.966915	0.111757	0.059128	0.316106	-0.588346	-0.378254	0.401758	-0.591069
64639	9.282165	-0.389884	4.006622	0.122865	0.000790	0.304057	-0.588092	-0.378392	0.402138	-0.590976
64640	9.198405	-0.443786	3.971374	0.175744	-0.011214	0.214695	-0.587759	-0.378717	0.402565	-0.590808
64641	9.194093	-0.394056	3.972774	0.123496	-0.028119	0.209962	-0.587360	-0.379132	0.403070	-0.590594
64642	9.209900	-0.445724	4.023920	0.171178	-0.085750	0.245950	-0.586906	-0.379601	0.403624	-0.590366
64643	9.301661	-0.445687	3.996738	0.167054	-0.043099	0.319620	-0.586477	-0.380120	0.404224	-0.590048
64644	9.446406	-0.411142	3.884323	0.129508	0.100836	0.408107	-0.586139	-0.380516	0.404601	-0.589871
64645	9.475263	-0.315786	4.036631	0.029012	-0.036070	0.491320	-0.585992	-0.380552	0.404759	-0.589885
64646	9.341252	-0.451132	3.824116	0.167867	0.102880	0.289175	-0.585856	-0.380580	0.404997	-0.589838
64647	9.348150	-0.485807	3.822735	0.199727	0.103681	0.296051	-0.585802	-0.380542	0.405108	-0.589840
64648	9.279479	-0.439585	3.840424	0.153220	0.058262	0.238380	-0.585629	-0.380680	0.405217	-0.589848
64649	9.356224	-0.440536	4.192668	0.145582	-0.237742	0.445663	-0.585610	-0.380632	0.405158	-0.589939
64650	9.181421	-0.440443	4.388730	0.145392	-0.486369	0.360598	-0.585568	-0.380631	0.405278	-0.589898
64651	9.287590	-0.411787	3.938637	0.119373	-0.032408	0.283176	-0.585603	-0.380519	0.405517	-0.589771
64652	9.364691	-0.449277	3.665641	0.156961	0.247585	0.249633	-0.585659	-0.380379	0.405669	-0.589702
64653	9.279924	-0.491859	4.088498	0.192942	-0.177527	0.336499	-0.585660	-0.380434	0.405835	-0.589551
64654	9.469502	-0.434651	3.931305	0.134389	0.038655	0.448696	-0.585727	-0.380455	0.405879	-0.589441
64655	9.360102	-0.438565	3.786144	0.144605	0.128426	0.291833	-0.585694	-0.380558	0.405905	-0.589389
64656	9.203204	-0.494547	3.919994	0.203911	-0.059272	0.200544	-0.585584	-0.380823	0.405890	-0.589338
64657	9.236072	-0.454419	4.043220	0.164050	-0.164503	0.277167	-0.585439	-0.381150	0.405863	-0.589288
64658	9.283148	-0.400573	4.111440	0.110647	-0.211541	0.345277	-0.585375	-0.381276	0.405755	-0.589345
64659	9.328803	-0.414028	4.212589	0.122289	-0.285681	0.426811	-0.585362	-0.381230	0.405609	-0.589488
64660	9.403698	-0.481583	3.959297	0.192493	-0.019301	0.400053	-0.585448	-0.381120	0.405435	-0.589594
64661	9.444111	-0.401240	3.733729	0.115143	0.212686	0.347748	-0.585706	-0.380765	0.405162	-0.589754
64662	9.358439	-0.423157	3.740845	0.138913	0.184772	0.271950	-0.585989	-0.380353	0.404802	-0.589987
64663	9.228434	-0.421172	3.885381	0.138226	0.009208	0.208210	-0.586025	-0.380336	0.404639	-0.590073
64664	9.088963	-0.474132	4.190460	0.191396	-0.326231	0.199852	-0.585971	-0.380524	0.404621	-0.590018
64665	9.236248	-0.445929	3.963259	0.165622	-0.064123	0.246289	-0.585878	-0.380776	0.404750	-0.589859
64666	9.470732	-0.435908	3.711741	0.155944	0.256392	0.364333	-0.585921	-0.380794	0.404633	-0.589885
64667	9.314023	-0.435576	3.917321	0.157952	0.007639	0.299738	-0.585925	-0.380859	0.404490	-0.589937
64668	9.362902	-0.379817	3.849202	0.104257	0.093110	0.316725	-0.586035	-0.380790	0.404250	-0.590037
64669	9.505191	-0.436869	3.868778	0.159563	0.137226	0.456814	-0.586213	-0.380597	0.403946	-0.590193
64670	9.443139	-0.408173	3.784540	0.136671	0.195734	0.365978	-0.586192	-0.380791	0.403683	-0.590268
64671	9.249044	-0.471199	3.841902	0.207586	0.067832	0.211252	-0.586223	-0.380941	0.403513	-0.590257
64672	9.332364	-0.388617	3.913912	0.126132	0.034055	0.313796	-0.586179	-0.381155	0.403371	-0.590260
64673	9.222378	-0.365305	4.281426	0.103106	-0.348730	0.355109	-0.586114	-0.381315	0.403332	-0.590248
64674	9.203954	-0.419923	4.463067	0.157234	-0.523714	0.410280	-0.586078	-0.381360	0.403210	-0.590337
64675	9.365912	-0.520172	4.000465	0.260776	-0.036236	0.381688	-0.586048	-0.381459	0.403342	-0.590213
64676	9.377682	-0.561551	3.536227	0.309398	0.392250	0.212858	-0.586096	-0.381567	0.403402	-0.590055
64677	9.191296	-0.421360	3.857567	0.171560	0.021087	0.162702	-0.586173	-0.381700	0.403468	-0.589848
64678	9.360349	-0.364809	3.879737	0.114890	0.060816	0.325590	-0.586113	-0.382064	0.403581	-0.589594
64679	9.437470	-0.445291	4.041751	0.197092	-0.070093	0.461362	-0.585853	-0.382745	0.403717	-0.589318
64680	9.474071	-0.451014	3.899441	0.210444	0.062302	0.440063	-0.585606	-0.383378	0.403780	-0.589109
64681	9.455577	-0.289504	4.049498	0.053215	-0.090719	0.477071	-0.585514	-0.383707	0.403686	-0.589051
64682	9.432295	-0.223372	4.205165	-0.010290	-0.240362	0.514152	-0.585807	-0.383486	0.403363	-0.589124
64683	9.155635	-0.208372	4.164870	-0.017407	-0.296342	0.243508	-0.586370	-0.382870	0.402932	-0.589259
64684	9.136024	-0.289321	3.706485	0.070167	0.133905	0.049655	-0.586927	-0.382270	0.402709	-0.589247
64685	9.232967	-0.390220	4.028410	0.165620	-0.114797	0.266372	-0.587303	-0.381934	0.402588	-0.589173
64686	9.582324	-0.350413	3.785827	0.124675	0.247151	0.492630	-0.587489	-0.381973	0.402729	-0.588866
64687	9.604972	-0.322095	3.952414	0.097699	0.098203	0.577770	-0.587754	-0.382092	0.402919	-0.588394
64688	9.556010	-0.343170	3.846146	0.126918	0.173255	0.491768	-0.588247	-0.382033	0.403044	-0.587854
64689	9.354288	-0.453303	3.879797	0.247731	0.062060	0.321205	-0.588736	-0.382099	0.402951	-0.587384
64690	9.442814	-0.403356	3.794475	0.206752	0.177025	0.368343	-0.589244	-0.382042	0.402821	-0.587001
64691	9.350130	-0.454637	3.964834	0.263670	-0.011602	0.350081	-0.589925	-0.381728	0.402693	-0.586609
64692	9.253457	-0.368694	4.109985	0.182302	-0.175647	0.315998	-0.590494	-0.381493	0.402578	-0.586268
64693	9.309015	-0.409779	3.993226	0.229970	-0.042424	0.322244	-0.591118	-0.381188	0.402635	-0.585799
64694	9.317390	-0.366233	3.908101	0.192388	0.044227	0.295832	-0.591810	-0.380800	0.402682	-0.585320
64695	9.395094	-0.392015	3.929717	0.221327	0.058543	0.376117	-0.592522	-0.380435	0.402809	-0.584750
64696	9.385314	-0.433764	3.990440	0.266621	0.001037	0.391468	-0.593171	-0.380164	0.402890	-0.584211
64697	9.319866	-0.558165	4.100637	0.394564	-0.126495	0.376277	-0.593701	-0.380041	0.402882	-0.583758
64698	9.198684	-0.615610	4.124536	0.458761	-0.196593	0.274802	-0.594135	-0.380044	0.402850	-0.583337
64699	9.239842	-0.569806	4.016613	0.422428	-0.080869	0.269353	-0.594512	-0.380085	0.402842	-0.582932
64700	9.422514	-0.438979	3.975980	0.299122	0.029858	0.419347	-0.594774	-0.380241	0.402752	-0.582625
64701	9.515635	-0.406182	3.953452	0.273958	0.086317	0.495541	-0.594922	-0.380461	0.402616	-0.582424
64702	9.457098	-0.323143	3.981416	0.197590	0.039846	0.451433	-0.595039	-0.380659	0.402298	-0.582395
64703	9.294236	-0.245956	4.064090	0.126741	-0.093416	0.333018	-0.595212	-0.380789	0.401733	-0.582523
64704	9.270348	-0.224008	4.175545	0.111810	-0.197139	0.354580	-0.595409	-0.380982	0.401096	-0.582634
64705	9.206375	-0.183406	4.044387	0.085172	-0.094313	0.243748	-0.595555	-0.381244	0.400521	-0.582709
64706	9.271396	-0.168215	4.157892	0.078274	-0.169440	0.348036	-0.595571	-0.381686	0.400021	-0.582748
64707	9.418131	-0.152927	3.979944	0.077112	0.049299	0.412583	-0.595451	-0.382249	0.399858	-0.582612
64708	9.376814	-0.140745	3.971651	0.072948	0.034683	0.371218	-0.595328	-0.382718	0.399710	-0.582532
64709	9.397633	-0.135025	4.184764	0.070167	-0.157576	0.474014	-0.595206	-0.383183	0.399468	-0.582517
64710	9.298009	-0.273435	4.057950	0.218973	-0.092209	0.333160	-0.594805	-0.384062	0.399477	-0.582341
64711	9.277106	-0.369358	3.945729	0.323756	-0.014746	0.270211	-0.594310	-0.384899	0.399632	-0.582188
64712	9.129263	-0.269520	4.158684	0.223082	-0.281715	0.216350	-0.593756	-0.385554	0.399784	-0.582216
64713	9.214625	-0.180448	4.381798	0.132827	-0.463179	0.380930	-0.593526	-0.385955	0.399829	-0.582154
64714	9.205364	-0.098719	4.003382	0.061564	-0.126828	0.225024	-0.593271	-0.386583	0.399935	-0.581923
64715	9.348570	-0.198197	3.902984	0.170959	0.007407	0.318405	-0.593136	-0.387293	0.399915	-0.581603
64716	9.481030	-0.092508	4.098336	0.072229	-0.130769	0.515552	-0.593231	-0.387734	0.400000	-0.581154
64717	9.494821	-0.135264	3.945268	0.124622	0.003325	0.469311	-0.593145	-0.388273	0.400267	-0.580697
64718	9.364817	-0.159328	3.923130	0.153530	-0.038264	0.340691	-0.592957	-0.388732	0.400349	-0.580525
64719	9.422003	0.000633	3.992489	-0.003006	-0.088963	0.419915	-0.592710	-0.389263	0.400539	-0.580291
64720	9.371218	-0.068631	3.797265	0.071872	0.061530	0.298431	-0.592566	-0.389578	0.400600	-0.580185
64721	9.254621	0.040061	3.889012	-0.035657	-0.073422	0.225608	-0.592330	-0.390018	0.400637	-0.580105
64722	9.178956	0.015503	3.926530	-0.008178	-0.145253	0.169794	-0.592055	-0.390520	0.400600	-0.580073
64723	9.254965	-0.058884	3.911972	0.070474	-0.114279	0.234368	-0.591700	-0.391090	0.400778	-0.579928
64724	9.228121	-0.026250	3.822564	0.040888	-0.056155	0.175609	-0.591172	-0.391788	0.401080	-0.579786
64725	9.333723	-0.013268	3.707073	0.031532	0.074470	0.229941	-0.590540	-0.392565	0.401219	-0.579809
64726	9.352907	-0.010886	3.796651	0.029682	-0.014492	0.281393	-0.589931	-0.393178	0.401235	-0.580002
64727	9.352373	0.037664	3.975027	-0.019512	-0.193197	0.347599	-0.589064	-0.394063	0.401301	-0.580237
64728	9.382618	-0.069877	3.706966	0.088974	0.045709	0.275422	-0.587961	-0.395090	0.401689	-0.580389
64729	9.320945	0.028618	3.692630	-0.010731	0.013515	0.213081	-0.586855	-0.396235	0.401847	-0.580618
64730	9.491101	0.105393	3.710468	-0.087608	0.037747	0.378021	-0.585696	-0.397297	0.402040	-0.580930
64731	9.461990	0.015461	3.672713	0.001451	0.041061	0.337022	-0.584427	-0.398496	0.402005	-0.581411
64732	9.362236	-0.019357	3.686697	0.035888	-0.030143	0.249187	-0.582925	-0.399857	0.402025	-0.581970
64733	9.278463	0.218739	3.628694	-0.204226	-0.037216	0.150341	-0.581007	-0.401589	0.402303	-0.582503
64734	9.294763	0.202027	3.612095	-0.192525	-0.051766	0.159314	-0.578833	-0.403325	0.402672	-0.583212
64735	9.397381	0.312483	3.756304	-0.307408	-0.189771	0.305988	-0.576546	-0.405217	0.402947	-0.583975
64736	9.301945	0.422193	3.491821	-0.427513	-0.015680	0.122810	-0.574447	-0.406826	0.403325	-0.584665
64737	9.188238	0.455953	3.481503	-0.468986	-0.074407	0.012125	-0.572787	-0.407829	0.403375	-0.585559
64738	9.171610	0.406475	3.455632	-0.430277	-0.072941	-0.012966	-0.571348	-0.408534	0.403576	-0.586334
64739	9.278343	0.261629	3.369384	-0.301384	0.032767	0.057313	-0.569992	-0.409133	0.403844	-0.587051
64740	9.374603	0.195433	3.392964	-0.249131	0.032953	0.155784	-0.568695	-0.409582	0.403922	-0.587941
64741	9.440768	0.192089	3.457592	-0.259419	-0.012753	0.239798	-0.567455	-0.409834	0.403929	-0.588958
64742	9.416425	0.219646	3.478024	-0.301989	-0.043489	0.223290	-0.566363	-0.409816	0.403799	-0.590111
64743	9.538779	0.241638	3.435419	-0.346420	0.041392	0.322748	-0.565375	-0.409565	0.403604	-0.591364
64744	9.541755	0.165370	3.555797	-0.286106	-0.059985	0.367226	-0.564366	-0.409223	0.403415	-0.592692
64745	9.616147	0.032763	3.499856	-0.179533	0.030594	0.418986	-0.563281	-0.408954	0.403346	-0.593955
64746	9.524110	0.043874	3.517735	-0.207887	-0.013409	0.338255	-0.562202	-0.408768	0.403166	-0.595227
64747	9.445698	0.038870	3.811132	-0.205324	-0.307126	0.366258	-0.561332	-0.408500	0.402745	-0.596516
64748	9.235219	0.002443	4.169336	-0.158016	-0.700569	0.294579	-0.560579	-0.408294	0.402043	-0.597837
64749	9.193573	-0.089997	3.929803	-0.085162	-0.476893	0.174231	-0.559664	-0.408373	0.401776	-0.598818
64750	9.169112	-0.035334	4.014592	-0.144126	-0.567118	0.179730	-0.558634	-0.408620	0.401521	-0.599782
64751	9.181340	-0.070303	4.203502	-0.108992	-0.743148	0.257428	-0.557397	-0.409133	0.401571	-0.600549
64752	9.132016	-0.098608	4.008913	-0.095492	-0.594761	0.142809	-0.555627	-0.410386	0.401796	-0.601184
64753	9.250535	-0.314483	4.003718	0.113490	-0.560377	0.255783	-0.553852	-0.411984	0.401681	-0.601805
64754	9.321387	-0.141220	4.088483	-0.050878	-0.655219	0.345655	-0.551973	-0.413907	0.401345	-0.602435
64755	9.357855	-0.260360	3.950283	0.068579	-0.534158	0.333832	-0.549843	-0.416191	0.400877	-0.603121
64756	9.438017	-0.497458	3.739665	0.301751	-0.321685	0.341823	-0.547548	-0.418857	0.400099	-0.603880
64757	9.386307	-0.491617	3.639294	0.311728	-0.276475	0.257822	-0.545122	-0.421836	0.399019	-0.604715
64758	9.274490	-0.471139	3.643450	0.323192	-0.348204	0.151601	-0.542566	-0.425023	0.397518	-0.605770
64759	9.089094	-0.611277	3.698673	0.508250	-0.472129	-0.005339	-0.539875	-0.428507	0.395763	-0.606868
64760	8.957262	-0.738237	3.617281	0.667930	-0.450439	-0.157996	-0.536951	-0.432299	0.393932	-0.607963
64761	8.913689	-0.804217	3.530515	0.762507	-0.402711	-0.230340	-0.533803	-0.436287	0.392007	-0.609129
64762	8.857694	-1.059616	3.569086	1.061564	-0.451288	-0.273865	-0.530369	-0.440596	0.389959	-0.610341
64763	8.733530	-1.190654	3.413030	1.216605	-0.356170	-0.446058	-0.526344	-0.445448	0.387964	-0.611574
64764	8.915229	-1.290672	3.309346	1.330840	-0.222727	-0.311217	-0.521931	-0.450513	0.385725	-0.613059
64765	9.188267	-1.284534	3.610205	1.397057	-0.460260	0.033328	-0.517296	-0.455437	0.383641	-0.614655
64766	9.868699	-1.301644	3.294826	1.357717	-0.000596	0.584321	-0.512581	-0.460153	0.381732	-0.616280
64767	10.344578	-1.490891	3.552381	1.595314	-0.103262	1.109613	-0.508086	-0.464538	0.379367	-0.618169
64768	10.399737	-1.382212	3.555840	1.518301	-0.136110	1.159329	-0.503507	-0.468943	0.376598	-0.620280
64769	10.231918	-1.412770	3.527171	1.583232	-0.161115	0.985291	-0.498965	-0.473100	0.373317	-0.622772
64770	10.040541	-1.424688	3.410316	1.608864	-0.098856	0.764372	-0.494450	-0.476984	0.369564	-0.625642
64771	9.629665	-1.281348	3.439506	1.529893	-0.257232	0.375328	-0.489987	-0.480734	0.365262	-0.628801
64772	9.274903	-1.296532	3.451798	1.599486	-0.338339	0.033468	-0.485505	-0.484417	0.360920	-0.631951
64773	8.994296	-1.470816	3.232193	1.754086	-0.138271	-0.304183	-0.480855	-0.488201	0.356419	-0.635141
64774	8.880111	-1.540102	3.103370	1.816400	-0.002468	-0.455350	-0.476031	-0.491936	0.351791	-0.638464
64775	9.066087	-1.614820	2.928458	1.841827	0.260101	-0.330210	-0.470989	-0.495526	0.347165	-0.641950
64776	9.274040	-1.616482	2.805187	1.800457	0.461340	-0.167206	-0.465824	-0.498820	0.342391	-0.645721
64777	9.643345	-1.455335	2.697507	1.589967	0.640118	0.159813	-0.460613	-0.501902	0.337293	-0.649742
64778	9.885228	-1.117131	2.650889	1.238070	0.669236	0.385943	-0.455443	-0.504650	0.331774	-0.654085
64779	10.342769	-0.778366	2.902536	0.976636	0.491855	0.902136	-0.450391	-0.507039	0.325889	-0.658677
64780	11.058118	-0.361754	2.992766	0.564542	0.497197	1.624241	-0.445456	-0.509198	0.319866	-0.663304
64781	10.943002	0.012854	3.423986	0.406492	-0.006850	1.646265	-0.440606	-0.511411	0.313658	-0.667790
64782	10.600353	0.473678	3.135947	-0.084757	-0.002465	1.251611	-0.435558	-0.514152	0.307582	-0.671811
64783	9.663368	0.644032	3.150379	-0.118167	-0.313375	0.366114	-0.430424	-0.517092	0.300962	-0.675850
64784	9.133112	0.352721	3.066731	0.184828	-0.222754	-0.176347	-0.424885	-0.520269	0.294275	-0.679849
64785	9.101342	-0.063647	2.766417	0.435846	0.241380	-0.313041	-0.418474	-0.523689	0.288302	-0.683748
64786	8.960138	0.053455	2.890193	0.421469	0.051506	-0.407378	-0.411161	-0.527427	0.282691	-0.687643
64787	9.257946	0.503589	2.881827	0.010946	-0.098178	-0.104016	-0.403531	-0.531120	0.277487	-0.691430
64788	9.867107	0.706383	2.928636	-0.194630	-0.099206	0.501764	-0.395836	-0.534640	0.272297	-0.695218
64789	10.154970	0.410346	2.923213	0.024031	0.123524	0.761863	-0.388028	-0.538125	0.266929	-0.699003
64790	10.079259	0.298719	3.229665	0.302999	-0.087873	0.770879	-0.379954	-0.541677	0.261465	-0.702749
64791	9.865213	0.252738	3.203159	0.363848	-0.112341	0.555605	-0.371247	-0.545472	0.256120	-0.706426
64792	9.674142	0.186768	3.024901	0.345132	-0.007091	0.319179	-0.362321	-0.549090	0.250815	-0.710152
64793	9.327408	0.216830	2.947113	0.329997	-0.075866	-0.034225	-0.353214	-0.552914	0.245410	-0.713652
64794	9.006448	0.341851	2.838219	0.224279	-0.177096	-0.367757	-0.343964	-0.556730	0.239844	-0.717087
64795	9.009967	0.298295	2.761985	0.220151	-0.118525	-0.387483	-0.334593	-0.560400	0.234226	-0.720512
64796	9.152917	0.273296	2.759167	0.223418	-0.091340	-0.252076	-0.325063	-0.563829	0.228356	-0.724075
64797	9.348246	0.167124	2.937784	0.395214	-0.118898	-0.020963	-0.315333	-0.567129	0.222416	-0.727640
64798	9.479015	0.087337	3.054583	0.516445	-0.132246	0.132442	-0.305440	-0.570451	0.216496	-0.731041
64799	9.502729	0.046779	3.166055	0.627895	-0.188334	0.182221	-0.295449	-0.573821	0.210373	-0.734291
64800	9.469980	-0.018459	3.248624	0.752309	-0.213749	0.168430	-0.285279	-0.577470	0.204055	-0.737229
64801	9.484836	-0.055676	3.110924	0.694260	-0.112836	0.144635	-0.274926	-0.581374	0.197592	-0.739850
64802	9.368092	-0.100848	2.815792	0.542889	0.060938	-0.045319	-0.264360	-0.585249	0.190847	-0.742412
64803	9.286706	-0.100871	2.886066	0.632237	-0.008802	-0.107915	-0.253881	-0.588850	0.183835	-0.744987
64804	9.100273	0.024105	2.767962	0.518450	-0.082729	-0.315240	-0.243440	-0.592126	0.176606	-0.747619
64805	9.000721	0.005753	2.859188	0.637101	-0.136677	-0.391256	-0.232828	-0.595164	0.169089	-0.750320
64806	9.220928	0.098017	2.893306	0.590350	-0.200312	-0.168120	-0.222319	-0.598094	0.161714	-0.752799
64807	9.374829	0.132855	2.767655	0.455604	-0.147872	-0.048696	-0.211834	-0.600863	0.154099	-0.755211
64808	9.503151	0.160780	2.963448	0.602438	-0.248625	0.121746	-0.201298	-0.603677	0.146344	-0.757388
64809	9.962613	0.189750	2.965571	0.524485	-0.214005	0.568225	-0.190875	-0.606378	0.138588	-0.759385
64810	10.368997	0.165720	3.116124	0.612135	-0.203258	0.996462	-0.180648	-0.609019	0.130609	-0.761185
64811	10.665054	-0.051531	3.073010	0.632260	0.057833	1.268209	-0.170647	-0.611511	0.122399	-0.762858
64812	10.531682	-0.295510	3.039355	0.744323	0.297843	1.123425	-0.160440	-0.613815	0.113798	-0.764552
64813	10.108870	-0.430943	3.058522	0.905036	0.396852	0.711232	-0.149824	-0.615843	0.104902	-0.766345
64814	9.810716	-0.586236	3.069734	1.025245	0.536782	0.418526	-0.138924	-0.617386	0.096138	-0.768305
64815	9.834901	-0.681709	3.164613	1.120783	0.626879	0.461335	-0.127900	-0.618486	0.087742	-0.770336
64816	9.772238	-0.790918	3.225575	1.195540	0.732397	0.412804	-0.117113	-0.619250	0.079755	-0.772304
64817	9.587880	-0.889388	3.321136	1.321794	0.811855	0.254190	-0.106701	-0.620070	0.071980	-0.773917
64818	9.495154	-0.972459	3.186388	1.210624	0.942050	0.132339	-0.096590	-0.621098	0.064287	-0.775097
64819	9.276596	-1.126891	3.165616	1.254308	1.107854	-0.089235	-0.086661	-0.622427	0.056441	-0.775815
64820	9.138859	-1.255780	3.010158	1.146503	1.282925	-0.263010	-0.076994	-0.623837	0.048545	-0.776236
64821	9.211879	-1.426591	2.660391	0.813794	1.536580	-0.276012	-0.067599	-0.625651	0.040807	-0.776096
64822	9.243841	-1.539615	2.488979	0.651150	1.692879	-0.287764	-0.058404	-0.627444	0.033047	-0.775765
64823	9.309393	-1.606843	2.602116	0.751642	1.767874	-0.203974	-0.049414	-0.629463	0.025571	-0.775036
64824	9.334071	-1.614794	2.571235	0.721045	1.795920	-0.189880	-0.040255	-0.631728	0.018121	-0.773932
64825	9.400753	-2.043454	2.114170	0.294819	2.267045	-0.231812	-0.030879	-0.633879	0.010516	-0.772744
64826	9.612373	-1.959671	2.197723	0.321700	2.191053	-0.006374	-0.021322	-0.635664	0.002848	-0.771666
64827	9.886508	-1.897775	2.119177	0.173820	2.138550	0.248717	-0.011510	-0.636917	-0.004680	-0.770832
64828	9.931956	-2.005786	2.268948	0.282622	2.243262	0.321553	-0.001785	-0.637402	-0.011996	-0.770436
64829	9.977063	-1.930370	2.577061	0.536185	2.175979	0.428739	0.007892	-0.637545	-0.019379	-0.770129
64830	9.905120	-1.869442	2.601886	0.531347	2.118028	0.366088	0.017545	-0.637393	-0.026664	-0.769877
64831	9.791481	-1.778025	2.898469	0.799026	2.053552	0.315483	0.027061	-0.636833	-0.033959	-0.769778
64832	9.600479	-1.597577	3.013067	0.911879	1.898066	0.155542	0.036256	-0.636112	-0.041280	-0.769639
64833	9.575684	-1.561120	3.033421	0.889562	1.882863	0.136972	0.045106	-0.635308	-0.048601	-0.769407
64834	9.526410	-1.588323	3.109793	0.915357	1.942635	0.103665	0.053827	-0.634211	-0.055992	-0.769249
64835	9.307241	-1.627912	3.282323	1.059550	2.037580	-0.077507	0.062314	-0.632962	-0.063262	-0.769074
64836	9.136330	-1.695482	3.236501	0.975066	2.125512	-0.254801	0.070579	-0.631628	-0.070557	-0.768822
64837	9.182319	-1.706266	3.184054	0.852934	2.150425	-0.220380	0.078635	-0.630360	-0.077680	-0.768393
64838	9.004750	-1.810564	3.065280	0.692604	2.251071	-0.420548	0.086768	-0.629099	-0.084694	-0.767811
64839	8.914991	-1.868033	3.178137	0.744591	2.356105	-0.487388	0.094838	-0.627830	-0.091576	-0.767104
64840	8.955640	-1.781949	3.085846	0.614586	2.263692	-0.463946	0.103032	-0.626453	-0.098426	-0.766324
64841	8.987075	-1.833351	3.016382	0.469176	2.302839	-0.447660	0.111343	-0.624891	-0.105184	-0.765540
64842	8.816962	-1.799242	3.084063	0.515322	2.306380	-0.598444	0.119600	-0.623200	-0.111851	-0.764727
64843	8.616976	-1.635215	2.971911	0.445734	2.131508	-0.811790	0.127688	-0.621372	-0.118441	-0.763914
64844	8.674413	-1.444926	3.140488	0.595358	2.017076	-0.714744	0.135687	-0.619305	-0.124908	-0.763183
64845	9.286381	-1.327175	3.118354	0.435380	1.870866	-0.115657	0.143467	-0.617085	-0.130959	-0.762544
64846	9.369934	-1.227218	3.494672	0.733155	1.921002	0.050696	0.151155	-0.614642	-0.136849	-0.761997
64847	9.802574	-1.069868	3.476514	0.638507	1.750096	0.475681	0.158493	-0.612928	-0.142866	-0.760781
64848	10.658323	-0.800267	3.469374	0.530227	1.455027	1.317382	0.165635	-0.611091	-0.148725	-0.759614
64849	10.948542	-0.479006	3.886533	0.939681	1.343850	1.698875	0.172439	-0.609392	-0.154628	-0.758285
64850	10.949848	-0.179307	3.602864	0.799779	0.973755	1.646980	0.179010	-0.607711	-0.160673	-0.756853
64851	10.565832	-0.025287	3.540999	0.865958	0.864188	1.263380	0.185501	-0.605618	-0.166586	-0.755689
64852	10.063901	0.042271	3.461020	0.895970	0.828717	0.759581	0.191896	-0.603294	-0.172267	-0.754677
64853	9.358819	0.002751	3.294678	0.837941	0.852691	0.036830	0.198368	-0.600537	-0.177491	-0.753991
64854	9.070430	-0.033621	3.291291	0.836850	0.915429	-0.243570	0.204620	-0.598344	-0.182414	-0.752888
64855	9.194527	-0.113412	3.105350	0.585853	0.877137	-0.164748	0.211003	-0.596133	-0.187083	-0.751734
64856	9.093751	-0.200959	3.315482	0.699118	1.071609	-0.216233	0.217559	-0.593900	-0.191581	-0.750499
64857	9.129760	-0.223545	3.179296	0.545220	1.008058	-0.210763	0.224177	-0.592064	-0.196067	-0.748841
64858	9.090078	-0.027182	3.102330	0.587897	0.804646	-0.259593	0.231031	-0.590107	-0.200636	-0.747090
64859	9.148517	0.093498	3.527587	0.965271	0.944993	-0.100674	0.237857	-0.588292	-0.204948	-0.745206
64860	9.157728	0.131807	3.350286	0.841047	0.809593	-0.130592	0.244697	-0.586768	-0.209395	-0.742954
64861	9.231641	0.231386	3.361478	0.893131	0.736361	-0.053776	0.251452	-0.585228	-0.214298	-0.740511
64862	9.469017	0.595513	3.249703	0.990043	0.369129	0.160328	0.258247	-0.583409	-0.219469	-0.738090
64863	9.744448	0.786847	3.490198	1.233989	0.356183	0.488053	0.264900	-0.581325	-0.224508	-0.735857
64864	9.935297	0.898291	3.540654	1.298919	0.295973	0.688668	0.271357	-0.579091	-0.229326	-0.733777
64865	9.892576	0.890090	3.751203	1.440245	0.460934	0.696358	0.277838	-0.576759	-0.233978	-0.731717
64866	9.946826	0.757822	3.766727	1.338032	0.573990	0.750553	0.284230	-0.574580	-0.238541	-0.729500
64867	9.841895	0.637428	3.903876	1.354803	0.780517	0.678487	0.290551	-0.572295	-0.242884	-0.727370
64868	9.765151	0.654072	3.935799	1.388155	0.811545	0.612806	0.296820	-0.570171	-0.247018	-0.725110
64869	9.599067	0.629595	3.953573	1.400331	0.872730	0.456033	0.303112	-0.568000	-0.250849	-0.722893
64870	9.307866	0.595429	4.025178	1.461433	0.995727	0.190597	0.309405	-0.565794	-0.254496	-0.720679
64871	9.162501	0.546048	3.984200	1.412706	1.025716	0.040008	0.315724	-0.563765	-0.258151	-0.718224
64872	9.056209	0.613816	3.917134	1.433185	0.954614	-0.077683	0.322023	-0.561901	-0.261795	-0.715564
64873	9.065441	0.679247	4.008429	1.539362	0.986212	-0.046991	0.328195	-0.560333	-0.265281	-0.712700
64874	8.977495	0.581966	3.908575	1.422315	0.998929	-0.159180	0.334317	-0.558904	-0.268827	-0.709641
64875	9.021219	0.654236	3.961096	1.510947	1.000322	-0.106140	0.340310	-0.557542	-0.272555	-0.706434
64876	9.085900	0.714482	3.769932	1.444731	0.821912	-0.090875	0.346352	-0.556166	-0.276286	-0.703126
64877	9.056583	0.700144	3.844563	1.492109	0.911114	-0.105165	0.352436	-0.554769	-0.279996	-0.699730
64878	8.969975	0.634069	3.581375	1.313081	0.776070	-0.254328	0.358412	-0.553454	-0.283716	-0.696229
64879	8.958906	0.580238	3.682799	1.340780	0.908287	-0.245088	0.364395	-0.552144	-0.287556	-0.692578
64880	9.086100	0.438646	3.637122	1.194583	0.945836	-0.135053	0.370417	-0.550742	-0.291476	-0.688851
64881	8.942620	0.392835	3.860459	1.301543	1.199245	-0.226464	0.376594	-0.549151	-0.295472	-0.685059
64882	9.033418	0.461055	3.794784	1.321636	1.110374	-0.156813	0.382725	-0.547628	-0.299384	-0.681171
64883	9.240212	0.516199	3.975581	1.447603	1.212310	0.081145	0.388806	-0.546170	-0.303282	-0.677161
64884	9.395127	0.430770	3.887389	1.326216	1.176960	0.208370	0.394695	-0.544917	-0.307406	-0.672891
64885	9.719909	0.394119	3.753058	1.213602	1.051368	0.489692	0.400206	-0.543903	-0.311931	-0.668359
64886	9.850545	0.297881	3.637204	1.078517	1.016094	0.587090	0.405451	-0.542832	-0.316781	-0.663771
64887	9.824887	0.181158	3.339681	0.853779	0.864132	0.494536	0.410547	-0.541564	-0.321809	-0.659241
64888	9.588471	0.074178	3.267923	0.751380	0.938169	0.246076	0.415654	-0.539967	-0.326835	-0.654863
64889	9.682725	-0.049249	3.117890	0.571493	0.872911	0.306116	0.420844	-0.538140	-0.331397	-0.650746
64890	10.119245	-0.266883	3.296244	0.417019	1.050714	0.773042	0.426392	-0.535817	-0.335363	-0.647010
64891	10.313214	-0.487672	3.761545	0.381012	1.513311	1.064542	0.432216	-0.533158	-0.338876	-0.643502
64892	10.027019	-0.641472	3.756772	0.243582	1.616110	0.788952	0.437974	-0.530589	-0.342508	-0.639799
64893	9.670813	-0.661385	3.731763	0.224827	1.664990	0.437452	0.443712	-0.528078	-0.346096	-0.635980
64894	9.348106	-0.874286	4.165658	0.184820	2.194673	0.219930	0.449386	-0.525745	-0.349448	-0.632084
64895	8.976439	-1.090890	3.825753	-0.127204	2.031263	-0.207445	0.454753	-0.523947	-0.353113	-0.627687
64896	8.719658	-1.332795	3.275812	-0.529688	1.658935	-0.565683	0.459760	-0.522216	-0.356949	-0.623297
64897	8.897573	-1.259028	2.943446	-0.570717	1.289085	-0.462373	0.464937	-0.520208	-0.360582	-0.619030
64898	9.213537	-1.260561	3.187173	-0.506856	1.445435	-0.102375	0.469965	-0.518236	-0.363982	-0.614884
64899	9.356471	-1.347379	2.953685	-0.657308	1.219084	-0.006311	0.474607	-0.516502	-0.367537	-0.610647
64900	9.390016	-1.402297	2.959838	-0.706685	1.231130	0.030300	0.479206	-0.514527	-0.371058	-0.606580
64901	9.380333	-1.479042	2.877852	-0.801718	1.169597	0.008185	0.483665	-0.512521	-0.374343	-0.602709
64902	9.528449	-1.462914	2.967713	-0.765696	1.211150	0.171580	0.487992	-0.510427	-0.377397	-0.599082
64903	9.702431	-1.460334	3.090562	-0.737556	1.281188	0.367483	0.492027	-0.508389	-0.380281	-0.595681
64904	9.844038	-1.516547	3.187986	-0.775582	1.349905	0.528709	0.495666	-0.506489	-0.383230	-0.592384
64905	10.170765	-1.553348	3.262725	-0.803770	1.357148	0.865085	0.499179	-0.504416	-0.386266	-0.589222
64906	10.219694	-1.526801	3.332050	-0.778740	1.400031	0.925528	0.502804	-0.501952	-0.389323	-0.586226
64907	9.911075	-1.279503	3.476019	-0.532472	1.543228	0.641216	0.506451	-0.499247	-0.392238	-0.583447
64908	9.468174	-1.274854	3.572057	-0.540092	1.710852	0.227849	0.510024	-0.496539	-0.395073	-0.580725
64909	9.116079	-1.324065	3.505463	-0.630319	1.713909	-0.127159	0.513506	-0.493847	-0.398177	-0.577825
64910	9.030330	-1.250282	3.297569	-0.617696	1.510647	-0.256519	0.517036	-0.491055	-0.401583	-0.574691
64911	9.063813	-1.118718	3.316450	-0.510732	1.497706	-0.226288	0.520627	-0.488256	-0.404948	-0.571463
64912	9.198029	-1.164913	3.310549	-0.580071	1.463249	-0.094516	0.524078	-0.485517	-0.408183	-0.568333
64913	9.197012	-1.289558	3.421486	-0.716935	1.575340	-0.068007	0.527521	-0.482677	-0.411302	-0.565310
64914	9.303845	-1.276409	3.424685	-0.726677	1.542983	0.036693	0.531072	-0.479845	-0.414365	-0.562150
64915	9.227297	-1.385846	3.427065	-0.860089	1.554283	-0.032465	0.534773	-0.476939	-0.417206	-0.559005
64916	9.005251	-1.423564	3.548705	-0.916366	1.701890	-0.222163	0.538491	-0.474006	-0.420030	-0.555806
64917	9.097954	-1.306463	3.474049	-0.822830	1.585012	-0.150427	0.542254	-0.471162	-0.422898	-0.552380
64918	9.306908	-1.253243	3.472572	-0.779842	1.522869	0.052433	0.546111	-0.468414	-0.425732	-0.548728
64919	9.546739	-1.263833	3.710194	-0.787401	1.692191	0.337165	0.550054	-0.465633	-0.428628	-0.544889
64920	9.671223	-1.312945	3.684954	-0.846830	1.628597	0.456967	0.553972	-0.462869	-0.431447	-0.541037
64921	9.738736	-1.168948	3.615460	-0.714762	1.527709	0.504102	0.558043	-0.459787	-0.434071	-0.537370
64922	9.395313	-1.081680	3.662920	-0.658632	1.622361	0.176957	0.562175	-0.456505	-0.436623	-0.533782
64923	8.989426	-1.117658	3.636472	-0.732963	1.656165	-0.220885	0.566220	-0.453161	-0.439385	-0.530077
64924	8.780118	-0.940985	3.684514	-0.590294	1.736223	-0.421809	0.570064	-0.450022	-0.442422	-0.526089
64925	8.906154	-0.852908	3.397580	-0.502884	1.428621	-0.362993	0.573778	-0.447197	-0.445694	-0.521680
64926	9.476426	-0.737233	3.602280	-0.382670	1.521787	0.230235	0.577544	-0.444224	-0.449305	-0.516946
64927	9.807659	-0.560232	3.845076	-0.227118	1.722927	0.592525	0.580813	-0.441535	-0.453638	-0.511777
64928	10.047822	-0.568242	3.508523	-0.222120	1.381441	0.752984	0.583675	-0.438931	-0.458507	-0.506394
64929	9.826308	-0.426749	3.530172	-0.135367	1.504245	0.527485	0.586523	-0.436009	-0.463721	-0.500850
64930	9.491293	-0.273612	3.543856	-0.050414	1.643977	0.187957	0.589389	-0.433007	-0.468931	-0.495207
64931	9.057816	-0.353511	3.210651	-0.158104	1.429764	-0.304388	0.592186	-0.429870	-0.474250	-0.489505
64932	9.081570	-0.143812	3.126895	0.017614	1.418794	-0.312191	0.595101	-0.426232	-0.479937	-0.483572
64933	9.268519	0.035526	3.007334	0.180022	1.345600	-0.163472	0.598246	-0.422399	-0.485602	-0.477359
64934	9.488171	0.037190	2.859940	0.181328	1.208482	0.021561	0.601543	-0.418378	-0.491051	-0.471141
64935	9.620061	0.195468	2.808580	0.316768	1.208425	0.132716	0.605210	-0.414078	-0.496191	-0.464816
64936	9.591723	0.319537	2.786541	0.404160	1.254117	0.093458	0.609073	-0.409617	-0.501175	-0.458332
64937	9.772084	0.464683	3.091346	0.447084	1.586218	0.314000	0.612998	-0.405046	-0.506012	-0.451799
64938	9.899528	0.572888	3.261483	0.475907	1.787483	0.460790	0.616962	-0.400384	-0.510586	-0.445368
64939	10.036699	0.711785	3.253846	0.580158	1.829960	0.586538	0.621045	-0.395561	-0.515255	-0.438573
64940	10.296660	0.765011	3.570120	0.517877	2.127751	0.890422	0.625535	-0.390502	-0.519046	-0.432210
64941	10.337580	0.712879	3.734705	0.384174	2.267336	0.959187	0.629994	-0.385606	-0.522524	-0.425893
64942	10.156874	0.593255	3.655155	0.252151	2.177986	0.773480	0.634809	-0.380428	-0.525620	-0.419542
64943	10.095413	0.611956	3.644092	0.244751	2.177259	0.712087	0.639708	-0.375359	-0.528400	-0.413125
64944	10.356460	0.542037	3.379644	0.295799	1.864059	0.930210	0.644925	-0.370313	-0.530668	-0.406609
64945	10.842064	0.479956	3.228291	0.358660	1.618921	1.387892	0.650544	-0.365092	-0.532384	-0.400084
64946	10.702890	0.453409	3.670456	0.153232	1.993518	1.333252	0.656599	-0.359397	-0.533771	-0.393445
64947	9.651222	0.557246	3.898199	0.030849	2.347847	0.343054	0.662805	-0.353646	-0.534831	-0.386755
64948	8.481391	0.476939	3.848736	-0.170728	2.396111	-0.801379	0.668698	-0.348008	-0.536300	-0.379624
64949	7.942538	0.543479	3.847001	-0.196138	2.479158	-1.327761	0.674109	-0.342738	-0.538178	-0.372119
64950	7.986247	0.633476	3.741493	-0.079018	2.421511	-1.309146	0.678804	-0.337932	-0.540696	-0.364246
64951	8.271529	0.678986	3.648187	0.031972	2.328635	-1.051129	0.683743	-0.332840	-0.542823	-0.356449
64952	8.490070	0.650029	3.430013	0.138125	2.105597	-0.878698	0.688225	-0.327788	-0.545424	-0.348445
64953	8.618754	0.585077	3.427713	0.088996	2.055169	-0.749422	0.693028	-0.322065	-0.547897	-0.340288
64954	8.598937	0.577541	3.356168	0.096714	1.995473	-0.782305	0.697518	-0.316076	-0.550831	-0.331889
64955	8.804105	0.597819	3.163601	0.230992	1.831797	-0.621979	0.701916	-0.309740	-0.553912	-0.323351
64956	8.940904	0.624157	3.187260	0.232283	1.855579	-0.485805	0.706147	-0.303193	-0.557203	-0.314570
64957	9.043162	0.674570	3.501232	0.061984	2.123246	-0.326894	0.710121	-0.296541	-0.560658	-0.305702
64958	9.067714	0.713591	3.705805	-0.084370	2.305941	-0.265916	0.713506	-0.289886	-0.564596	-0.296827
64959	9.479862	0.674885	3.650427	-0.064523	2.206079	0.126002	0.716429	-0.283288	-0.568743	-0.288114
64960	10.033147	0.604163	3.452255	0.053565	1.973748	0.629927	0.719152	-0.276703	-0.572865	-0.279430
64961	10.486846	0.503548	3.478427	-0.015190	1.898656	1.083248	0.721598	-0.270205	-0.577119	-0.270590
64962	10.481564	0.237441	3.378372	-0.197795	1.656493	1.075358	0.723963	-0.263552	-0.581360	-0.261606
64963	9.746857	0.075877	3.502238	-0.601624	1.690364	0.387949	0.726135	-0.256765	-0.585831	-0.252193
64964	9.529862	-0.082204	2.939932	-0.401709	1.232235	0.076100	0.727954	-0.250428	-0.590388	-0.242508
64965	9.651087	-0.107142	2.419107	-0.058093	0.900926	0.096487	0.729828	-0.244164	-0.594688	-0.232555
64966	10.047759	-0.167399	2.719394	-0.291024	1.055560	0.540160	0.731680	-0.238150	-0.598624	-0.222664
64967	10.235221	-0.395256	2.580898	-0.320275	0.812369	0.714153	0.733720	-0.232005	-0.602083	-0.212896
64968	10.298125	-0.572979	2.410595	-0.300405	0.588706	0.758678	0.735814	-0.225664	-0.605189	-0.203470
64969	10.199405	-0.395101	2.490472	-0.296851	0.793722	0.659576	0.738374	-0.218754	-0.607665	-0.194150
64970	9.968931	-0.567002	2.530763	-0.471071	0.674533	0.455172	0.741297	-0.211450	-0.609628	-0.184723
64971	9.722971	-0.501696	2.504568	-0.456404	0.708460	0.204821	0.744399	-0.203963	-0.611188	-0.175269
64972	9.374961	-0.403773	2.598919	-0.545859	0.830017	-0.126594	0.747490	-0.196474	-0.612505	-0.165814
64973	9.005383	-0.391431	3.137508	-1.069901	1.084836	-0.390772	0.750337	-0.189011	-0.613861	-0.156349
64974	8.932057	-0.577373	3.071538	-1.112619	0.862810	-0.454966	0.752909	-0.181829	-0.615184	-0.147018
64975	9.122235	-0.766898	2.963095	-1.057453	0.621148	-0.269147	0.755261	-0.174722	-0.616539	-0.137597
64976	9.128147	-0.856677	3.145128	-1.251104	0.596827	-0.219601	0.757263	-0.167864	-0.618033	-0.128099
64977	9.250756	-0.988136	2.923941	-1.080823	0.375526	-0.128002	0.758655	-0.161454	-0.619909	-0.118696
64978	9.599264	-1.191580	2.803563	-0.980179	0.144623	0.209490	0.759711	-0.155198	-0.621934	-0.109324
64979	9.882606	-1.392697	2.704639	-0.906654	-0.070739	0.487485	0.760564	-0.148781	-0.624044	-0.099880
64980	9.918347	-1.488613	2.809317	-1.035770	-0.123447	0.550410	0.761048	-0.142344	-0.626379	-0.090518
64981	9.646837	-1.583490	2.727669	-1.059638	-0.250668	0.278070	0.761136	-0.135879	-0.628990	-0.081124
64982	9.482898	-1.630908	2.532603	-0.940833	-0.361913	0.085955	0.761076	-0.129238	-0.631610	-0.071622
64983	9.424425	-1.406936	2.418364	-0.801097	-0.182190	-0.016118	0.761150	-0.122389	-0.633884	-0.062151
64984	9.574096	-1.447018	2.343657	-0.725284	-0.231947	0.120593	0.761075	-0.115523	-0.636104	-0.052837
64985	9.584633	-1.554838	2.345571	-0.763001	-0.339608	0.141553	0.760893	-0.108323	-0.638282	-0.043625
64986	9.510172	-1.475081	2.385996	-0.815329	-0.268394	0.065338	0.760580	-0.100950	-0.640422	-0.034447
64987	9.437651	-1.397797	2.242442	-0.692197	-0.235582	-0.039408	0.760209	-0.093510	-0.642423	-0.025120
64988	9.637683	-1.378900	2.125682	-0.552119	-0.226540	0.134607	0.759953	-0.086044	-0.644067	-0.015668
64989	9.748303	-1.299524	2.205923	-0.607892	-0.132651	0.246992	0.759797	-0.078544	-0.645369	-0.006228
64990	9.766870	-1.371710	2.092135	-0.501659	-0.221533	0.254567	0.759698	-0.071008	-0.646380	0.003174
64991	9.872693	-1.452806	2.047187	-0.438469	-0.300388	0.360276	0.759738	-0.063409	-0.647007	0.012637
64992	9.846494	-1.415307	2.169914	-0.545852	-0.262350	0.350887	0.759920	-0.055724	-0.647244	0.022181
64993	9.954184	-1.403174	2.254926	-0.588398	-0.241946	0.470043	0.760226	-0.048157	-0.647100	0.031609
64994	9.958771	-1.393680	2.141815	-0.445217	-0.241237	0.456212	0.760717	-0.040591	-0.646523	0.040862
64995	9.847134	-1.405275	2.267581	-0.547215	-0.273620	0.371039	0.761401	-0.032861	-0.645503	0.050143
64996	9.600427	-1.416773	2.606997	-0.875735	-0.337649	0.191848	0.762016	-0.024973	-0.644341	0.059439
64997	9.487821	-1.337031	2.611785	-0.857845	-0.292315	0.077018	0.762506	-0.017122	-0.643087	0.068783
64998	9.471845	-1.250305	2.496060	-0.709149	-0.216926	0.034104	0.762920	-0.009231	-0.641675	0.078235
64999	9.463739	-1.267473	2.688229	-0.851350	-0.269263	0.066479	0.763120	-0.001208	-0.640254	0.087864
65000	9.550284	-1.335654	2.586476	-0.687361	-0.330041	0.142222	0.762857	0.006901	-0.639157	0.097363
65001	9.917179	-1.167767	2.522250	-0.559631	-0.123093	0.470670	0.762285	0.015250	-0.638187	0.106801
65002	10.525878	-0.894411	2.456799	-0.425475	0.221638	1.022428	0.761489	0.023765	-0.637268	0.116014
65003	10.718937	-0.679821	2.627561	-0.590048	0.396278	1.221647	0.760571	0.032798	-0.636233	0.125149
65004	10.274611	-0.548328	2.598381	-0.655067	0.423474	0.770851	0.759514	0.042106	-0.635102	0.134206
65005	9.631013	-0.333466	2.668164	-0.872898	0.469059	0.137416	0.758372	0.051374	-0.633866	0.142990
65006	9.056896	-0.221506	2.718103	-1.039308	0.425366	-0.421030	0.756894	0.060270	-0.632853	0.151578
65007	8.647974	-0.332329	2.419123	-0.786671	0.300176	-0.866125	0.755290	0.069031	-0.631758	0.160168
65008	8.748473	-0.095646	2.415056	-0.848720	0.497478	-0.789967	0.753362	0.077800	-0.630823	0.168686
65009	8.873192	0.308245	2.447083	-1.017601	0.837971	-0.697925	0.751214	0.086366	-0.629891	0.177356
65010	9.258491	0.382500	2.586996	-1.138522	0.873321	-0.299571	0.748773	0.094621	-0.629142	0.185918
65011	9.685765	0.429465	2.707130	-1.234577	0.892654	0.137477	0.745993	0.102682	-0.628653	0.194287
65012	10.133345	0.422562	2.774435	-1.266122	0.883374	0.588131	0.743022	0.110579	-0.628237	0.202508
65013	10.382850	0.426283	2.834744	-1.325687	0.852159	0.842694	0.739986	0.118459	-0.627670	0.210757
65014	10.417464	0.518714	2.867762	-1.428263	0.873415	0.874390	0.737008	0.126327	-0.626832	0.218958
65015	10.241286	0.565872	2.907602	-1.536660	0.815325	0.705487	0.734135	0.133998	-0.625729	0.227056
65016	9.979103	0.575449	2.900966	-1.590115	0.733399	0.447075	0.731305	0.141530	-0.624413	0.235098
65017	9.809680	0.692650	2.731944	-1.550724	0.842391	0.240101	0.728391	0.149006	-0.622990	0.243160
65018	9.691510	0.768411	2.523876	-1.454875	0.950819	0.079981	0.725488	0.156465	-0.621349	0.251221
65019	9.464187	0.758557	2.538611	-1.503889	0.852933	-0.137903	0.722621	0.164019	-0.619404	0.259337
65020	9.429084	0.845702	2.585895	-1.611212	0.847771	-0.169305	0.719669	0.171507	-0.617308	0.267567
65021	9.232295	0.825979	2.364252	-1.457263	0.887882	-0.400188	0.716724	0.178917	-0.614942	0.275938
65022	9.035680	0.813792	2.447899	-1.542743	0.758052	-0.574549	0.713856	0.186243	-0.612301	0.284274
65023	8.966330	0.829200	2.414365	-1.539026	0.743159	-0.648036	0.710853	0.193645	-0.609540	0.292661
65024	9.018639	0.716117	2.338795	-1.408212	0.681699	-0.600153	0.707644	0.201241	-0.606664	0.301165
65025	9.117205	0.684920	2.196721	-1.278388	0.736217	-0.526043	0.704310	0.209130	-0.603552	0.309738
65026	9.281808	0.636196	2.223324	-1.250676	0.680581	-0.353701	0.700888	0.217136	-0.600194	0.318394
65027	9.583776	0.653013	2.392129	-1.353406	0.599090	-0.024593	0.697425	0.224923	-0.596765	0.326926
65028	10.318216	0.554383	2.528348	-1.313652	0.543768	0.729800	0.693895	0.232253	-0.593541	0.335078
65029	11.011008	0.370700	2.574575	-1.153987	0.493431	1.431553	0.690197	0.239458	-0.590376	0.343138
65030	10.704495	0.212227	2.621452	-1.079300	0.269720	1.153879	0.686409	0.246980	-0.586835	0.351380
65031	10.418816	0.035714	2.645678	-0.961821	0.061065	0.893560	0.682742	0.254207	-0.583191	0.359347
65032	10.340843	-0.053039	2.494926	-0.784564	0.095209	0.795605	0.679440	0.260856	-0.579212	0.367191
65033	9.908126	-0.145597	2.635818	-0.791869	-0.153701	0.409294	0.676661	0.266667	-0.574895	0.374853
65034	9.456934	-0.195662	2.622539	-0.735485	-0.251312	-0.027732	0.674073	0.272241	-0.570353	0.382372
65035	9.177788	-0.149384	2.528800	-0.701519	-0.195352	-0.319611	0.671390	0.277942	-0.565774	0.389721
65036	9.341292	-0.267942	2.645944	-0.617599	-0.310486	-0.124829	0.668464	0.283753	-0.561388	0.396842
65037	9.601780	-0.414100	2.936691	-0.589984	-0.566432	0.203337	0.665217	0.289725	-0.557198	0.403826
65038	9.672734	-0.516748	2.754585	-0.371301	-0.450020	0.240973	0.661568	0.295872	-0.553279	0.410694
65039	9.695163	-0.612410	2.566173	-0.167719	-0.331259	0.228157	0.657715	0.301966	-0.549367	0.417640
65040	9.668055	-0.680509	2.528259	-0.066239	-0.331464	0.197915	0.653875	0.307855	-0.545370	0.424552
65041	9.539701	-0.777854	2.398382	0.095702	-0.279606	0.050161	0.650112	0.313379	-0.541374	0.431349
65042	9.408920	-0.815802	2.326634	0.175513	-0.244714	-0.090766	0.646484	0.318504	-0.537342	0.438038
65043	9.513527	-1.004731	2.252051	0.401877	-0.204698	0.004892	0.643045	0.323178	-0.533215	0.444669
65044	9.583542	-1.136196	2.445514	0.470262	-0.375525	0.124787	0.639794	0.327414	-0.529006	0.451239
65045	9.811190	-1.283847	2.390566	0.654263	-0.284971	0.341772	0.636499	0.331386	-0.525002	0.457631
65046	10.162575	-1.341322	2.670974	0.634273	-0.430925	0.752490	0.633123	0.335161	-0.521153	0.463920
65047	10.287909	-1.280471	2.971668	0.490977	-0.611551	0.943532	0.629689	0.338630	-0.517596	0.470017
65048	9.863060	-1.590143	2.697730	0.872806	-0.521315	0.485490	0.626256	0.342028	-0.513940	0.476116
65049	9.737559	-1.497528	2.775258	0.770326	-0.551351	0.378835	0.622731	0.345677	-0.510163	0.482127
65050	9.706986	-1.283283	2.745062	0.585265	-0.425276	0.330494	0.619353	0.348821	-0.506333	0.488214
65051	9.653481	-1.451766	2.829447	0.731925	-0.512959	0.311737	0.616137	0.351646	-0.502472	0.494209
65052	9.484354	-1.520303	2.988406	0.767567	-0.670841	0.195080	0.612984	0.354600	-0.498551	0.499956
65053	9.296325	-1.445615	3.033034	0.700400	-0.695630	0.022761	0.609914	0.357524	-0.494621	0.505501
65054	9.210078	-1.400085	3.084811	0.663155	-0.711019	-0.047633	0.606869	0.360486	-0.490667	0.510887
65055	9.189292	-1.500144	3.264171	0.743832	-0.862106	-0.012097	0.603737	0.363577	-0.486698	0.516177
65056	9.112974	-1.529520	3.375908	0.774058	-0.951066	-0.051614	0.600534	0.366605	-0.482795	0.521410
65057	9.146314	-1.545264	3.260687	0.832037	-0.792428	-0.047723	0.597343	0.369441	-0.478961	0.526585
65058	9.206641	-1.568599	3.329372	0.860429	-0.800680	0.032404	0.594113	0.372235	-0.475223	0.531634
65059	9.275866	-1.543741	3.266350	0.861114	-0.675593	0.081540	0.590910	0.374940	-0.471584	0.536520
65060	9.454665	-1.521284	3.305376	0.844845	-0.618078	0.263748	0.587844	0.377578	-0.468026	0.541134
65061	9.455992	-1.382369	3.558009	0.689933	-0.806202	0.329307	0.584756	0.380257	-0.464758	0.545403
65062	9.393337	-1.365270	3.239354	0.728741	-0.491233	0.178293	0.581801	0.382945	-0.461603	0.549348
65063	9.277314	-1.340294	3.480233	0.700483	-0.727925	0.134992	0.579011	0.385773	-0.458475	0.552925
65064	9.675683	-1.145785	3.452954	0.520222	-0.554005	0.496383	0.576203	0.388799	-0.455646	0.556068
65065	10.077821	-0.991711	3.487110	0.375588	-0.454435	0.881155	0.573426	0.392077	-0.453029	0.558770
65066	10.061404	-0.742009	3.452780	0.162330	-0.416904	0.841130	0.570500	0.396013	-0.450001	0.561429
65067	9.866281	-0.478538	3.357176	-0.047303	-0.381555	0.613009	0.567397	0.400329	-0.446780	0.564079
65068	9.695876	-0.217593	3.248045	-0.255374	-0.332689	0.406467	0.564353	0.404486	-0.443597	0.566673
65069	9.268229	-0.116336	3.346557	-0.305006	-0.561558	0.021159	0.561458	0.408352	-0.440471	0.569208
65070	9.033155	-0.018235	3.313761	-0.356942	-0.609190	-0.216823	0.558709	0.411916	-0.437639	0.571526
65071	8.993449	0.050979	3.132994	-0.390849	-0.460444	-0.308187	0.555953	0.415293	-0.434934	0.573830
65072	9.051518	0.173434	3.190125	-0.487139	-0.514881	-0.240097	0.553379	0.418395	-0.432592	0.575832
65073	9.178066	0.320512	3.219303	-0.610523	-0.529869	-0.114753	0.550696	0.421717	-0.430324	0.577677
65074	9.454883	0.522206	3.309273	-0.791218	-0.571883	0.170578	0.548231	0.424922	-0.428503	0.579025
65075	9.763527	0.648351	3.374013	-0.897555	-0.584802	0.482120	0.545815	0.428037	-0.426745	0.580309
65076	9.825449	0.761645	3.379177	-0.985234	-0.609238	0.540883	0.543594	0.430841	-0.425213	0.581443
65077	9.667971	0.679059	3.343995	-0.873860	-0.643154	0.382199	0.541366	0.433524	-0.423784	0.582570
65078	9.361864	0.716095	3.332563	-0.877401	-0.743319	0.083819	0.539119	0.436067	-0.422217	0.583891
65079	9.135237	0.844847	3.255012	-0.982295	-0.761540	-0.157817	0.536848	0.438429	-0.420689	0.585316
65080	9.222102	0.919627	3.121470	-1.054513	-0.637589	-0.111249	0.534588	0.440562	-0.419269	0.586800
65081	9.354330	0.964356	3.037929	-1.099488	-0.546432	-0.006822	0.532337	0.442577	-0.417844	0.588345
65082	9.386684	0.891415	3.164581	-1.006254	-0.669621	0.059398	0.530070	0.444571	-0.416135	0.590097
65083	9.434178	0.957929	3.107412	-1.067149	-0.617752	0.089681	0.528017	0.446307	-0.414003	0.592123
65084	9.221281	1.067268	3.230397	-1.139753	-0.801181	-0.083063	0.526175	0.447829	-0.411432	0.594402
65085	8.847637	1.106147	3.312125	-1.133962	-0.970843	-0.418756	0.524603	0.449229	-0.408445	0.596789
65086	8.915924	1.128862	3.479522	-1.119163	-1.099347	-0.304063	0.523398	0.450385	-0.405717	0.598834
65087	9.873056	0.977231	3.569292	-0.985390	-0.889388	0.647235	0.522579	0.451016	-0.403476	0.600585
65088	10.828053	0.567657	3.959391	-0.565660	-0.928959	1.679169	0.521685	0.451475	-0.402075	0.601957
65089	11.355141	-0.098998	3.801125	0.049042	-0.526627	2.150498	0.520407	0.452049	-0.400676	0.603562
65090	10.918884	-0.393643	3.877196	0.370871	-0.655270	1.756351	0.519058	0.452495	-0.399022	0.605483
65091	9.809060	-0.249511	3.758984	0.265122	-0.844039	0.657610	0.517494	0.452812	-0.397303	0.607710
65092	8.748166	-0.245691	3.675867	0.300030	-1.033367	-0.381631	0.516018	0.452852	-0.395707	0.609972
65093	8.118237	-0.149405	3.737938	0.242787	-1.258280	-0.966332	0.515090	0.452517	-0.394406	0.611845
65094	8.077036	-0.178724	3.577633	0.241023	-1.092924	-1.048139	0.514519	0.452157	-0.393602	0.613109
65095	8.398284	-0.121848	3.628818	0.165995	-1.048056	-0.724874	0.514173	0.451912	-0.393220	0.613823
65096	8.814557	-0.021720	3.791265	0.063411	-1.101103	-0.280944	0.513819	0.452202	-0.393418	0.613780
65097	9.399228	0.039981	3.577727	-0.066801	-0.762155	0.215365	0.513286	0.452983	-0.393989	0.613283
65098	9.802207	-0.000468	3.424382	-0.073111	-0.526463	0.556838	0.512587	0.453939	-0.394812	0.612632
65099	9.876704	-0.192498	3.295474	0.092892	-0.381120	0.593683	0.511929	0.454668	-0.395574	0.612149
65100	9.937253	-0.346927	3.240403	0.230600	-0.310399	0.638151	0.511432	0.455053	-0.396318	0.611798
65101	9.825420	-0.430618	3.246573	0.316080	-0.347246	0.533522	0.511303	0.454969	-0.396849	0.611624
65102	9.677941	-0.578366	3.213388	0.458451	-0.335215	0.385370	0.511346	0.454605	-0.397240	0.611604
65103	9.432470	-0.761538	3.221863	0.647020	-0.374440	0.155912	0.511517	0.453965	-0.397331	0.611877
65104	9.327982	-0.653089	3.492461	0.580813	-0.670350	0.129563	0.511728	0.453461	-0.397477	0.611980
65105	9.286075	-0.589107	3.503801	0.515970	-0.700398	0.091760	0.511839	0.453174	-0.397755	0.611919
65106	9.388242	-0.554652	3.424303	0.457883	-0.607286	0.166998	0.511835	0.453078	-0.398257	0.611666
65107	9.459865	-0.504752	3.341080	0.386932	-0.526240	0.211283	0.511907	0.453009	-0.398919	0.611227
65108	9.426769	-0.485506	3.316840	0.362891	-0.525786	0.171949	0.511988	0.452931	-0.399556	0.610801
65109	9.463145	-0.421427	3.328094	0.294427	-0.547089	0.208237	0.512120	0.452735	-0.400273	0.610366
65110	9.558141	-0.376841	3.240909	0.225220	-0.453362	0.274299	0.512411	0.452368	-0.400903	0.609979
65111	9.587263	-0.418512	3.241210	0.259009	-0.442540	0.303304	0.512735	0.451992	-0.401395	0.609662
65112	9.552718	-0.444355	3.294740	0.290236	-0.501261	0.285415	0.512937	0.451752	-0.401833	0.609382
65113	9.642894	-0.509360	3.130160	0.320230	-0.315106	0.328363	0.512971	0.451603	-0.402283	0.609167
65114	9.496532	-0.357040	3.351757	0.206574	-0.592237	0.244770	0.513120	0.451260	-0.402664	0.609044
65115	9.500135	-0.324364	3.209588	0.147419	-0.460494	0.208562	0.513662	0.450662	-0.403117	0.608730
65116	9.471185	-0.348243	3.163384	0.163516	-0.415155	0.168921	0.514528	0.450028	-0.403317	0.608335
65117	9.344761	-0.610263	3.296896	0.450956	-0.522114	0.091377	0.515354	0.449437	-0.402865	0.608372
65118	9.297088	-0.603278	3.393059	0.462382	-0.610247	0.072980	0.515916	0.448916	-0.402509	0.608516
65119	9.390818	-0.372002	3.337496	0.217398	-0.549692	0.142977	0.516650	0.448006	-0.402297	0.608704
65120	9.536200	-0.146941	3.321081	-0.021596	-0.508481	0.273503	0.517668	0.446988	-0.402247	0.608620
65121	9.699164	-0.162281	3.332737	-0.018252	-0.450061	0.434473	0.518876	0.445868	-0.402040	0.608550
65122	9.586842	-0.386463	3.634765	0.248007	-0.709726	0.419767	0.519867	0.444825	-0.401667	0.608713
65123	9.534873	-0.400097	3.566986	0.250021	-0.632532	0.352675	0.520801	0.443599	-0.401488	0.608929
65124	9.392628	-0.112043	3.614726	-0.029268	-0.732779	0.225358	0.521857	0.442173	-0.401321	0.609172
65125	9.501326	-0.006046	3.440028	-0.176039	-0.521581	0.277202	0.523403	0.440278	-0.401529	0.609080
65126	9.478815	-0.091529	3.720761	-0.069624	-0.746742	0.342988	0.525021	0.438227	-0.401398	0.609253
65127	9.427613	-0.533866	3.640695	0.347180	-0.587310	0.284537	0.526219	0.436359	-0.401054	0.609786
65128	9.095315	-0.440115	3.974109	0.297085	-0.969171	0.070843	0.527436	0.434042	-0.400361	0.610843
65129	9.104706	-0.050918	4.039933	-0.104717	-1.040077	0.093194	0.528555	0.432024	-0.400720	0.611071
65130	9.419033	-0.118919	3.667871	-0.122644	-0.557240	0.279882	0.529969	0.430070	-0.401253	0.610875
65131	9.438715	-0.260157	3.638548	0.001235	-0.483847	0.294830	0.531167	0.428919	-0.401362	0.610571
65132	9.410126	-0.519853	3.710205	0.262075	-0.494565	0.300317	0.532419	0.427156	-0.400344	0.611386
65133	9.148281	-0.386543	4.186752	0.184805	-0.989469	0.205089	0.533378	0.425058	-0.399186	0.612768
65134	8.864843	-0.279150	4.414438	0.102463	-1.255733	0.013962	0.534470	0.422881	-0.398571	0.613722
65135	9.370751	-0.251207	3.820022	-0.038964	-0.504021	0.297261	0.535249	0.421624	-0.398701	0.613823
65136	9.487835	-0.423778	3.646063	0.094885	-0.257558	0.356725	0.535933	0.420324	-0.398235	0.614421
65137	9.145347	-0.455755	4.156356	0.191117	-0.803263	0.209208	0.536525	0.418777	-0.396737	0.615927
65138	8.913097	-0.386804	4.279408	0.138059	-0.952750	0.035114	0.536960	0.416983	-0.395515	0.617549
65139	8.730492	-0.289227	4.400686	0.047557	-1.092057	-0.092805	0.537401	0.415115	-0.394647	0.618978
65140	9.280905	-0.249689	4.213385	-0.078275	-0.692137	0.359077	0.537924	0.413103	-0.394419	0.620014
65141	9.318828	-0.237214	4.289699	-0.113361	-0.713754	0.423321	0.538447	0.411174	-0.394112	0.621037
65142	9.069197	-0.131521	4.312803	-0.215249	-0.801083	0.196295	0.538827	0.409912	-0.393544	0.621901
65143	9.079993	-0.323160	4.450037	-0.030170	-0.862279	0.267435	0.539770	0.407823	-0.392798	0.622927
65144	8.988717	-0.418679	4.537061	0.061246	-0.916404	0.222923	0.540872	0.405678	-0.392067	0.623832
65145	8.995352	-0.589820	4.247435	0.189050	-0.584006	0.133569	0.541800	0.404106	-0.391455	0.624431
65146	9.263778	-0.608947	4.340570	0.183921	-0.535836	0.420001	0.542607	0.402868	-0.390896	0.624880
65147	9.000526	-0.459044	4.621269	0.076591	-0.879493	0.276757	0.543606	0.401723	-0.390446	0.625031
65148	8.918265	-0.169600	4.862205	-0.186391	-1.136147	0.280856	0.544964	0.400454	-0.390027	0.624924
65149	8.969385	-0.317698	4.653763	-0.061176	-0.882288	0.258364	0.546119	0.399600	-0.389573	0.624745
65150	9.305208	-0.604546	4.383818	0.175883	-0.455608	0.479625	0.546823	0.399007	-0.389118	0.624793
65151	9.489325	-0.903399	4.577534	0.473360	-0.516064	0.738465	0.547252	0.398455	-0.388918	0.624893
65152	9.448545	-0.603386	4.784743	0.191692	-0.745567	0.767493	0.547728	0.397962	-0.389193	0.624619
65153	9.371045	-0.174473	4.652065	-0.239626	-0.699533	0.624835	0.548180	0.397922	-0.389577	0.624008
65154	9.207309	-0.123184	4.661824	-0.272125	-0.776459	0.475431	0.548676	0.397808	-0.389496	0.623696
65155	9.045419	-0.701563	4.623625	0.317905	-0.737928	0.338376	0.548917	0.397763	-0.389193	0.623702
65156	9.173388	-0.916015	4.833858	0.538885	-0.854381	0.547619	0.548980	0.397618	-0.389017	0.623848
65157	9.305157	-0.726682	4.817627	0.340167	-0.809463	0.654051	0.548942	0.397857	-0.389174	0.623632
65158	9.153652	-0.427567	4.651828	0.047612	-0.753597	0.436287	0.548996	0.398324	-0.389271	0.623225
65159	8.916571	-0.171300	4.543782	-0.185229	-0.779934	0.164181	0.549079	0.399022	-0.389185	0.622759
65160	8.871565	-0.308176	4.475719	-0.036704	-0.727590	0.101996	0.549233	0.399651	-0.388916	0.622388
65161	8.995029	-0.427362	4.496843	0.088489	-0.691776	0.228646	0.549301	0.400246	-0.388504	0.622203
65162	9.118184	-0.433912	4.438168	0.093883	-0.596399	0.319556	0.549314	0.400886	-0.388464	0.621805
65163	9.184405	-0.337599	4.447511	0.007038	-0.603318	0.379641	0.549311	0.401696	-0.388682	0.621148
65164	9.134961	-0.308122	4.479003	-0.004981	-0.674950	0.343507	0.549196	0.402575	-0.389225	0.620339
65165	9.195154	-0.395627	4.291924	0.071689	-0.496057	0.330129	0.549051	0.403403	-0.389964	0.619465
65166	9.297581	-0.437111	4.238839	0.107699	-0.428262	0.405374	0.549005	0.403960	-0.390595	0.618745
65167	9.312325	-0.421281	4.371286	0.106930	-0.566099	0.467054	0.548877	0.404542	-0.391060	0.618185
65168	9.276923	-0.462292	4.404272	0.158700	-0.622295	0.446950	0.548632	0.405168	-0.391337	0.617817
65169	9.271046	-0.363283	4.371949	0.063096	-0.622293	0.424839	0.548078	0.405955	-0.391722	0.617548
65170	9.257066	-0.313771	4.549555	0.031525	-0.818278	0.474176	0.547386	0.406733	-0.392213	0.617338
65171	9.100704	-0.322889	4.416280	0.043031	-0.772227	0.278515	0.546685	0.407575	-0.392563	0.617181
65172	9.087912	-0.330091	4.322614	0.047273	-0.709728	0.231123	0.546013	0.408454	-0.392861	0.617005
65173	9.158531	-0.239594	4.508187	-0.028807	-0.884217	0.359685	0.545519	0.409052	-0.393211	0.616823
65174	9.301319	-0.295917	4.370443	0.005223	-0.713847	0.443689	0.545300	0.409304	-0.393665	0.616559
65175	9.418290	-0.324884	4.385016	0.026022	-0.693840	0.558234	0.545327	0.409404	-0.394084	0.616202
65176	9.332775	-0.342588	4.434665	0.054280	-0.776025	0.496491	0.545494	0.409467	-0.394376	0.615825
65177	9.158893	-0.302187	4.537482	0.036178	-0.941815	0.369506	0.545703	0.409498	-0.394519	0.615528
65178	9.081477	-0.298166	4.529652	0.040416	-0.964690	0.294123	0.545967	0.409546	-0.394585	0.615219
65179	9.099914	-0.363742	4.379787	0.094876	-0.813314	0.259691	0.546247	0.409505	-0.394684	0.614935
65180	9.167101	-0.445365	4.338849	0.170451	-0.742395	0.310528	0.546606	0.409344	-0.394700	0.614712
65181	9.171838	-0.400833	4.388116	0.131736	-0.789021	0.331224	0.546850	0.409283	-0.394693	0.614540
65182	9.157800	-0.345007	4.313751	0.074452	-0.727392	0.289695	0.547076	0.409234	-0.394513	0.614488
65183	9.155452	-0.299406	4.330442	0.033210	-0.742903	0.292344	0.547230	0.409146	-0.394225	0.614593
65184	9.070964	-0.317325	4.331382	0.057950	-0.764661	0.215069	0.547399	0.408905	-0.394012	0.614740
65185	9.076562	-0.414352	4.317706	0.151101	-0.733367	0.219141	0.547472	0.408635	-0.393899	0.614928
65186	9.148055	-0.427797	4.311692	0.156587	-0.694379	0.284536	0.547525	0.408390	-0.393752	0.615137
65187	9.299763	-0.369120	4.304872	0.085334	-0.634079	0.421784	0.547483	0.408256	-0.393605	0.615358
65188	9.224479	-0.370413	4.339122	0.091579	-0.687536	0.364498	0.547427	0.408102	-0.393457	0.615605
65189	9.185996	-0.418287	4.380215	0.143400	-0.728550	0.345680	0.547393	0.407944	-0.393202	0.615902
65190	9.170866	-0.384219	4.443221	0.114691	-0.788190	0.353935	0.547354	0.407832	-0.392843	0.616240
65191	9.137280	-0.421038	4.407131	0.151112	-0.753622	0.311500	0.547352	0.407714	-0.392365	0.616624
65192	9.089705	-0.369681	4.422453	0.106562	-0.779852	0.271853	0.547332	0.407659	-0.391828	0.617020
65193	9.057841	-0.340479	4.446633	0.084642	-0.807388	0.250807	0.547288	0.407676	-0.391320	0.617369
65194	9.069183	-0.349542	4.444381	0.095601	-0.792610	0.261409	0.547226	0.407712	-0.390914	0.617658
65195	9.152024	-0.306527	4.453496	0.050188	-0.770294	0.340699	0.547114	0.407791	-0.390602	0.617902
65196	9.158316	-0.306993	4.394559	0.046717	-0.709290	0.325156	0.547013	0.407828	-0.390348	0.618127
65197	9.183798	-0.286954	4.441602	0.030405	-0.741814	0.365776	0.546948	0.407858	-0.390074	0.618339
65198	9.138157	-0.310579	4.409782	0.056266	-0.721274	0.312782	0.546935	0.407848	-0.389746	0.618563
65199	9.151343	-0.330934	4.424238	0.078876	-0.721764	0.331440	0.546951	0.407835	-0.389411	0.618768
65200	9.171891	-0.353741	4.377691	0.098460	-0.661673	0.334499	0.547054	0.407756	-0.389063	0.618949
65201	9.144891	-0.347290	4.386183	0.096290	-0.673974	0.312762	0.547108	0.407704	-0.388819	0.619088
65202	9.198102	-0.343710	4.351601	0.087590	-0.617866	0.349508	0.547159	0.407654	-0.388588	0.619221
65203	9.181782	-0.329412	4.364373	0.076527	-0.631124	0.339022	0.547251	0.407504	-0.388339	0.619394
65204	9.135499	-0.330928	4.431662	0.087074	-0.701962	0.321716	0.547380	0.407272	-0.388042	0.619619
65205	9.120029	-0.337143	4.483142	0.099158	-0.745720	0.327392	0.547518	0.407083	-0.387720	0.619822
65206	9.136842	-0.307386	4.480959	0.069000	-0.731815	0.341871	0.547704	0.406872	-0.387445	0.619968
65207	9.054422	-0.321662	4.614268	0.101566	-0.874701	0.316581	0.547938	0.406652	-0.387137	0.620099
65208	9.050352	-0.356109	4.408378	0.119092	-0.675724	0.237123	0.548067	0.406571	-0.386942	0.620160
65209	9.077423	-0.369830	4.374921	0.129176	-0.631335	0.250168	0.548109	0.406592	-0.386991	0.620079
65210	9.177629	-0.272983	4.660385	0.049854	-0.869412	0.447147	0.548199	0.406417	-0.387213	0.619975
65211	9.210074	-0.346872	4.533637	0.107461	-0.733137	0.431853	0.548318	0.406297	-0.387407	0.619827
65212	9.123281	-0.380524	4.374672	0.133167	-0.617339	0.292657	0.548415	0.406383	-0.387479	0.619641
65213	9.158793	-0.289179	4.397116	0.043262	-0.636508	0.331016	0.548500	0.406394	-0.387525	0.619529
65214	9.184312	-0.342901	4.447416	0.100057	-0.667247	0.375219	0.548636	0.406315	-0.387536	0.619454
65215	9.161734	-0.349460	4.421023	0.107116	-0.648860	0.344696	0.548803	0.406266	-0.387459	0.619386
65216	9.124074	-0.374576	4.373533	0.132757	-0.613220	0.292913	0.548999	0.406197	-0.387337	0.619334
65217	9.092801	-0.409685	4.379407	0.172157	-0.623988	0.267346	0.549114	0.406177	-0.387246	0.619301
65218	9.085391	-0.395582	4.374154	0.160906	-0.622840	0.258073	0.549162	0.406300	-0.387166	0.619229
65219	9.118193	-0.364887	4.385888	0.132887	-0.625630	0.291843	0.549185	0.406473	-0.387076	0.619151
65220	9.135795	-0.311228	4.387323	0.081814	-0.626887	0.307023	0.549218	0.406593	-0.387013	0.619082
65221	9.200005	-0.286182	4.382183	0.055573	-0.601948	0.363760	0.549274	0.406693	-0.386973	0.618992
65222	9.212962	-0.327295	4.391686	0.098397	-0.600961	0.380539	0.549388	0.406684	-0.386914	0.618933
65223	9.189856	-0.331137	4.412278	0.108164	-0.628307	0.366941	0.549402	0.406820	-0.386840	0.618877
65224	9.202311	-0.247041	4.408752	0.025663	-0.629605	0.374736	0.549475	0.406826	-0.386834	0.618812
65225	9.177062	-0.306974	4.351359	0.082252	-0.579862	0.331474	0.549518	0.406809	-0.386877	0.618759
65226	9.125418	-0.287356	4.388147	0.070220	-0.635024	0.296886	0.549601	0.406810	-0.386863	0.618694
65227	9.140427	-0.257977	4.343249	0.037626	-0.590164	0.293155	0.549695	0.406801	-0.386791	0.618661
65228	9.148708	-0.310529	4.336547	0.089963	-0.573683	0.299866	0.549812	0.406745	-0.386752	0.618618
65229	9.193434	-0.294070	4.390424	0.075898	-0.606900	0.361173	0.549956	0.406652	-0.386770	0.618539
65230	9.192983	-0.251568	4.401887	0.034751	-0.621583	0.363916	0.550049	0.406610	-0.386813	0.618458
65231	9.161199	-0.278800	4.388471	0.062394	-0.617292	0.330243	0.550153	0.406494	-0.386827	0.618433
65232	9.145873	-0.307003	4.434113	0.095167	-0.659849	0.334141	0.550295	0.406376	-0.386794	0.618404
65233	9.132171	-0.295689	4.395275	0.081320	-0.627295	0.306715	0.550441	0.406228	-0.386751	0.618399
65234	9.141871	-0.286826	4.401591	0.071664	-0.627016	0.318048	0.550579	0.406065	-0.386721	0.618402
65235	9.108022	-0.312706	4.438210	0.102201	-0.667831	0.301418	0.550688	0.405955	-0.386686	0.618399
65236	9.052667	-0.354842	4.512358	0.154268	-0.752086	0.279321	0.550711	0.405999	-0.386731	0.618321
65237	9.079941	-0.406361	4.605609	0.213975	-0.828530	0.340629	0.550607	0.406373	-0.386946	0.618034
65238	9.166951	-0.520973	4.497670	0.318193	-0.696344	0.382766	0.550506	0.406901	-0.387209	0.617612
65239	9.232639	-0.412557	4.371869	0.201098	-0.580253	0.392601	0.550371	0.407394	-0.387497	0.617226
65240	9.176547	-0.317470	4.320516	0.110093	-0.574648	0.318172	0.550289	0.407750	-0.387686	0.616946
65241	9.149669	-0.307287	4.374567	0.110753	-0.646574	0.312399	0.550213	0.408203	-0.387974	0.616532
65242	9.289651	-0.293806	4.214850	0.080869	-0.460396	0.381938	0.550380	0.408515	-0.388296	0.615974
65243	9.249407	-0.240282	4.260000	0.039156	-0.531158	0.359490	0.550956	0.408488	-0.388788	0.615165
65244	9.090084	-0.202154	4.329862	0.020305	-0.667256	0.235822	0.551751	0.408391	-0.389560	0.614029
65245	9.025741	-0.144839	4.424910	-0.020797	-0.796754	0.208766	0.552759	0.408305	-0.390530	0.612561
65246	9.161496	-0.084109	4.470340	-0.080513	-0.807097	0.349307	0.554139	0.407925	-0.391594	0.610885
65247	9.205103	0.027257	4.385902	-0.196363	-0.735423	0.355468	0.555678	0.407434	-0.393007	0.608905
65248	9.239763	-0.184118	4.213820	0.004471	-0.566407	0.328442	0.557475	0.407063	-0.395047	0.606184
65249	9.194727	-0.214427	4.295686	0.047511	-0.695559	0.314287	0.559391	0.407057	-0.397980	0.602493
65250	9.229390	-0.007239	4.371492	-0.152904	-0.819658	0.365532	0.561513	0.406818	-0.401456	0.598361
65251	9.033678	-0.044508	4.141908	-0.117870	-0.722617	0.098339	0.563919	0.406265	-0.404932	0.594116
65252	8.907748	-0.005553	3.977195	-0.157387	-0.663711	-0.081266	0.566325	0.405818	-0.408555	0.589636
65253	8.955192	0.002145	4.226587	-0.159370	-0.936936	0.044085	0.568645	0.405508	-0.412359	0.584950
65254	9.156368	0.027369	4.041843	-0.194615	-0.755333	0.165669	0.571004	0.404933	-0.416502	0.580095
65255	9.271422	-0.016453	3.950154	-0.158776	-0.686018	0.240531	0.573585	0.403907	-0.420488	0.575369
65256	9.422952	0.000442	3.840431	-0.182852	-0.590494	0.344007	0.575872	0.403192	-0.424839	0.570368
65257	9.690956	0.022108	3.557937	-0.207694	-0.293584	0.504507	0.578397	0.401933	-0.428836	0.565692
65258	9.477671	-0.037706	3.670052	-0.155670	-0.513233	0.336656	0.581129	0.400389	-0.432522	0.561161
65259	9.526347	-0.001243	3.615971	-0.196241	-0.485880	0.363353	0.583637	0.399025	-0.436126	0.556723
65260	9.577222	0.005413	3.742644	-0.216092	-0.624581	0.448586	0.586395	0.397262	-0.439302	0.552573
65261	9.481636	0.035801	3.740270	-0.254907	-0.675622	0.354456	0.589136	0.395389	-0.442523	0.548416
65262	9.541348	0.002269	3.579390	-0.216881	-0.527312	0.361999	0.592006	0.393240	-0.445322	0.544591
65263	9.515709	-0.052909	3.628953	-0.174814	-0.598185	0.352568	0.594863	0.390924	-0.447890	0.541028
65264	9.515551	-0.085111	3.505530	-0.139914	-0.490736	0.315555	0.597725	0.388421	-0.450424	0.537561
65265	9.494364	-0.201702	3.524156	-0.036566	-0.530799	0.302658	0.600437	0.385970	-0.452644	0.534430
65266	9.423431	-0.253168	3.723656	-0.021685	-0.749139	0.295184	0.602865	0.383768	-0.454704	0.531526
65267	9.516381	-0.261730	3.626150	-0.009591	-0.635026	0.354692	0.605003	0.381766	-0.456737	0.528789
65268	9.526525	-0.303544	3.617101	0.022013	-0.633917	0.362179	0.606994	0.379777	-0.458607	0.526315
65269	9.572864	-0.302163	3.438500	0.036501	-0.455881	0.353194	0.608709	0.377997	-0.460384	0.524060
65270	9.458689	-0.354476	3.666353	0.038832	-0.716190	0.312536	0.610329	0.376337	-0.461903	0.522029
65271	9.414804	-0.400561	3.650248	0.075790	-0.725686	0.266545	0.611749	0.374934	-0.463357	0.520084
65272	9.485967	-0.368228	3.503006	0.062654	-0.565205	0.290126	0.613129	0.373561	-0.464632	0.518307
65273	9.515230	-0.342575	3.405217	0.048501	-0.461545	0.288653	0.614389	0.372244	-0.465699	0.516803
65274	9.465483	-0.344634	3.449569	0.035605	-0.516542	0.254367	0.615545	0.371059	-0.466531	0.515527
65275	9.437937	-0.291337	3.484373	-0.028087	-0.544989	0.237317	0.616497	0.370069	-0.467197	0.514497
65276	9.414587	-0.301784	3.604560	-0.045005	-0.662670	0.250971	0.617328	0.369163	-0.467727	0.513670
65277	9.430598	-0.229291	3.469063	-0.093558	-0.513692	0.224768	0.617970	0.368452	-0.468169	0.513005
65278	9.419065	-0.240967	3.466730	-0.084744	-0.511433	0.213594	0.618569	0.367732	-0.468345	0.512638
65279	9.289643	-0.228258	3.730577	-0.155121	-0.787245	0.168442	0.619037	0.367206	-0.468526	0.512284
65280	9.303584	-0.259787	3.681515	-0.115461	-0.741217	0.168043	0.619308	0.366961	-0.468740	0.511937
65281	9.396620	-0.233566	3.560758	-0.115134	-0.597264	0.220260	0.619435	0.366840	-0.468985	0.511645
65282	9.496179	-0.231433	3.533377	-0.108981	-0.544111	0.306986	0.619500	0.366786	-0.469114	0.511488
65283	9.476380	-0.245531	3.551256	-0.099620	-0.571182	0.293613	0.619489	0.366849	-0.469165	0.511410
65284	9.449151	-0.206910	3.578373	-0.142747	-0.598875	0.274680	0.619386	0.367037	-0.469094	0.511465
65285	9.495693	-0.165732	3.587277	-0.180886	-0.587261	0.320753	0.619196	0.367335	-0.468930	0.511631
65286	9.496601	-0.116927	3.661866	-0.240276	-0.647500	0.342675	0.619013	0.367621	-0.468617	0.511934
65287	9.432723	-0.172944	3.571702	-0.166574	-0.594164	0.256198	0.618683	0.368083	-0.468368	0.512228
65288	9.392806	-0.152482	3.505548	-0.173783	-0.544948	0.197795	0.618205	0.368578	-0.468291	0.512521
65289	9.488208	-0.143314	3.612597	-0.202441	-0.627106	0.319599	0.617471	0.369192	-0.468716	0.512574
65290	9.478571	-0.160885	3.542022	-0.175420	-0.578960	0.289250	0.616977	0.369633	-0.468699	0.512867
65291	9.355266	-0.149745	3.518160	-0.186667	-0.598112	0.163699	0.616375	0.370282	-0.468612	0.513202
65292	9.387767	-0.096642	3.387122	-0.212269	-0.464276	0.154834	0.615680	0.371024	-0.468447	0.513651
65293	9.556344	-0.085771	3.445884	-0.227381	-0.476407	0.332583	0.614982	0.371732	-0.468214	0.514186
65294	9.501818	-0.124156	3.488933	-0.198207	-0.545334	0.293545	0.614357	0.372370	-0.467865	0.514790
65295	9.475635	-0.115603	3.379756	-0.185591	-0.451677	0.236458	0.613732	0.373018	-0.467414	0.515475
65296	9.426552	-0.107059	3.455621	-0.206747	-0.536954	0.211363	0.613129	0.373631	-0.466938	0.516180
65297	9.458158	-0.080321	3.438493	-0.226274	-0.508554	0.236024	0.612505	0.374282	-0.466478	0.516864
65298	9.481578	-0.048661	3.354049	-0.239813	-0.419081	0.233167	0.611860	0.374927	-0.466063	0.517534
65299	9.478710	-0.032131	3.336526	-0.251478	-0.402697	0.224940	0.611232	0.375516	-0.465631	0.518238
65300	9.446684	-0.064324	3.442785	-0.238199	-0.518747	0.225784	0.610652	0.376009	-0.465255	0.518902
65301	9.482594	-0.057812	3.407227	-0.237263	-0.475307	0.249614	0.610055	0.376513	-0.464940	0.519521
65302	9.481940	-0.073656	3.433423	-0.225366	-0.503616	0.256899	0.609533	0.376984	-0.464516	0.520171
65303	9.590631	-0.067579	3.381123	-0.219603	-0.420829	0.345631	0.609009	0.377326	-0.464130	0.520881
65304	9.496561	-0.157575	3.423921	-0.141267	-0.500764	0.270071	0.608524	0.377652	-0.463729	0.521567
65305	9.471773	-0.130836	3.501754	-0.181223	-0.573907	0.268567	0.608074	0.377933	-0.463312	0.522260
65306	9.522542	-0.094231	3.467436	-0.210950	-0.517354	0.306534	0.607609	0.378237	-0.462885	0.522959
65307	9.506545	-0.113222	3.413244	-0.183868	-0.469323	0.276088	0.607224	0.378468	-0.462395	0.523672
65308	9.475712	-0.092278	3.474821	-0.214381	-0.526628	0.264451	0.606873	0.378653	-0.461859	0.524417
65309	9.456278	-0.077425	3.412210	-0.219542	-0.464078	0.227571	0.606484	0.378880	-0.461327	0.525171
65310	9.497778	-0.076602	3.451065	-0.225051	-0.481274	0.278954	0.606084	0.379081	-0.460746	0.525997
65311	9.458686	-0.130108	3.417355	-0.167573	-0.460869	0.233282	0.605669	0.379307	-0.460112	0.526866
65312	9.418140	-0.100823	3.447346	-0.200673	-0.487841	0.203173	0.605222	0.379566	-0.459373	0.527837
65313	9.445640	-0.070323	3.504228	-0.237439	-0.519771	0.246046	0.604731	0.379853	-0.458686	0.528791
65314	9.450594	-0.088712	3.335252	-0.193922	-0.352867	0.201472	0.604217	0.380172	-0.457940	0.529794
65315	9.470477	-0.034869	3.331740	-0.244933	-0.324691	0.218574	0.603736	0.380416	-0.456973	0.531002
65316	9.465340	-0.035775	3.346297	-0.244978	-0.323197	0.218621	0.603290	0.380518	-0.455850	0.532398
65317	9.538415	0.028598	3.267147	-0.296550	-0.194129	0.263559	0.602951	0.380347	-0.454494	0.534062
65318	9.503809	0.019208	3.271722	-0.289517	-0.175721	0.232814	0.602818	0.379784	-0.452845	0.536009
65319	9.306124	-0.052566	3.674344	-0.273537	-0.581119	0.172042	0.602754	0.379118	-0.450833	0.538244
65320	9.203561	-0.087436	4.264016	-0.312533	-1.130714	0.262962	0.602514	0.378741	-0.449231	0.540114
65321	9.258839	-0.213934	4.135096	-0.169551	-0.980533	0.280909	0.601879	0.378854	-0.448257	0.541551
65322	9.458581	-0.215191	3.579089	-0.101492	-0.376804	0.295162	0.601203	0.378894	-0.447299	0.543064
65323	9.525678	-0.099187	3.651117	-0.228818	-0.384139	0.379418	0.600782	0.378488	-0.445933	0.544933
65324	9.497825	-0.115914	3.800837	-0.233880	-0.502343	0.403052	0.600347	0.378097	-0.444514	0.546839
65325	9.339000	-0.231121	4.040344	-0.149729	-0.759217	0.335998	0.599855	0.377862	-0.443113	0.548676
65326	9.178852	-0.247359	4.012050	-0.132856	-0.761244	0.177903	0.599146	0.377931	-0.441954	0.550335
65327	9.139177	-0.401198	3.865586	0.033578	-0.633598	0.098200	0.598366	0.378097	-0.440946	0.551877
65328	9.225802	-0.352181	3.892638	-0.021270	-0.610515	0.188258	0.597513	0.378280	-0.440131	0.553324
65329	9.368845	-0.165546	3.940512	-0.216875	-0.579300	0.333625	0.596640	0.378480	-0.439504	0.554626
65330	9.281340	-0.226380	3.806296	-0.147550	-0.480040	0.208799	0.595670	0.378947	-0.438685	0.555996
65331	9.316380	-0.252011	3.742047	-0.116978	-0.405773	0.221406	0.594535	0.379766	-0.437897	0.557272
65332	9.372148	-0.287652	3.812721	-0.087734	-0.453533	0.298858	0.593469	0.380451	-0.437058	0.558598
65333	9.373287	-0.326984	3.716935	-0.040668	-0.361051	0.269427	0.592414	0.381097	-0.436186	0.559957
65334	9.421763	-0.364152	3.724553	-0.005126	-0.347751	0.319122	0.591352	0.381720	-0.435225	0.561402
65335	9.360440	-0.490471	3.852824	0.112113	-0.490149	0.309063	0.590221	0.382495	-0.434197	0.562859
65336	9.324233	-0.554718	3.915492	0.175641	-0.560263	0.298464	0.589034	0.383476	-0.433183	0.564214
65337	9.283327	-0.530087	3.964935	0.154403	-0.616713	0.275806	0.587773	0.384638	-0.432097	0.565569
65338	9.319563	-0.488770	3.919040	0.123342	-0.558650	0.292990	0.586463	0.385874	-0.431037	0.566894
65339	9.431222	-0.426426	3.810033	0.073586	-0.415947	0.359220	0.585182	0.387108	-0.429980	0.568178
65340	9.472002	-0.428619	3.871094	0.080365	-0.462559	0.418025	0.583855	0.388494	-0.428977	0.569355
65341	9.468964	-0.420960	3.798618	0.086698	-0.400441	0.390259	0.582458	0.390043	-0.427886	0.570546
65342	9.500118	-0.309379	3.811638	-0.014459	-0.403525	0.420273	0.581075	0.391545	-0.426717	0.571802
65343	9.419579	-0.342042	3.800787	0.031112	-0.425546	0.341592	0.579721	0.392985	-0.425597	0.573022
65344	9.409893	-0.310569	3.698138	0.014225	-0.333465	0.297078	0.578479	0.394333	-0.424356	0.574270
65345	9.335504	-0.224134	3.762993	-0.060696	-0.418762	0.246285	0.577234	0.395713	-0.423100	0.575498
65346	9.346303	-0.227490	3.812976	-0.046540	-0.463196	0.273302	0.576097	0.397001	-0.421908	0.576624
65347	9.327817	-0.242018	3.769337	-0.018988	-0.429764	0.241644	0.575059	0.398206	-0.420864	0.577592
65348	9.365922	-0.208033	3.688068	-0.041345	-0.341538	0.249482	0.574107	0.399332	-0.419798	0.578537
65349	9.405246	-0.149150	3.690626	-0.090187	-0.329392	0.286074	0.573242	0.400316	-0.418660	0.579538
65350	9.421855	-0.133046	3.733544	-0.096951	-0.359849	0.315960	0.572489	0.401131	-0.417536	0.580529
65351	9.443939	-0.149965	3.780832	-0.071722	-0.390117	0.353326	0.571804	0.401813	-0.416423	0.581532
65352	9.360104	-0.133127	3.767926	-0.079020	-0.398239	0.270055	0.571190	0.402384	-0.415395	0.582474
65353	9.355465	-0.141046	3.853639	-0.064370	-0.472045	0.295140	0.570625	0.402853	-0.414439	0.583385
65354	9.377309	-0.137760	3.855651	-0.062601	-0.457873	0.316744	0.570094	0.403274	-0.413521	0.584264
65355	9.359758	-0.176342	3.936205	-0.017790	-0.530137	0.328738	0.569608	0.403653	-0.412662	0.585082
65356	9.308788	-0.176305	3.921884	-0.012055	-0.525320	0.276399	0.569137	0.403995	-0.411847	0.585878
65357	9.386184	-0.179190	3.899718	-0.007355	-0.469502	0.342108	0.568707	0.404303	-0.411057	0.586637
65358	9.386853	-0.156535	3.955498	-0.025041	-0.514063	0.361721	0.568263	0.404631	-0.410286	0.587381
65359	9.392964	-0.102354	3.981626	-0.075221	-0.529517	0.375814	0.567847	0.404880	-0.409530	0.588139
65360	9.399383	-0.088443	3.944762	-0.087127	-0.484180	0.369421	0.567457	0.405089	-0.408806	0.588874
65361	9.353942	-0.051333	3.979841	-0.119807	-0.525975	0.338519	0.567009	0.405345	-0.408146	0.589587
65362	9.303619	-0.046265	4.042774	-0.120126	-0.596579	0.313178	0.566583	0.405590	-0.407627	0.590186
65363	9.268744	-0.061517	4.014328	-0.103328	-0.577737	0.271150	0.566133	0.405855	-0.407200	0.590732
65364	9.244757	-0.036736	3.972386	-0.128177	-0.545240	0.233855	0.565702	0.406085	-0.406856	0.591222
65365	9.204526	-0.044896	4.034931	-0.117261	-0.616307	0.217886	0.565258	0.406324	-0.406570	0.591681
65366	9.255988	-0.084939	4.139157	-0.076016	-0.693279	0.302980	0.564888	0.406487	-0.406267	0.592130
65367	9.287368	-0.033328	4.006033	-0.132927	-0.559847	0.285506	0.564415	0.406818	-0.406080	0.592482
65368	9.198861	-0.139420	3.997201	-0.025625	-0.580484	0.201227	0.563966	0.407035	-0.406023	0.592799
65369	9.322460	-0.075381	4.045321	-0.096406	-0.589300	0.332361	0.563589	0.407051	-0.406223	0.593009
65370	9.357466	-0.017067	4.163930	-0.159852	-0.696773	0.404441	0.563162	0.407042	-0.406635	0.593138
65371	9.190731	-0.067077	4.065740	-0.115393	-0.667690	0.214533	0.562705	0.407172	-0.406995	0.593236
65372	9.235644	-0.066482	3.991858	-0.125952	-0.594388	0.230583	0.562141	0.407520	-0.407441	0.593226
65373	9.316584	-0.114316	4.028979	-0.085695	-0.612845	0.319516	0.561632	0.407739	-0.407927	0.593223
65374	9.383857	-0.138918	3.948587	-0.074021	-0.525770	0.355177	0.561142	0.407881	-0.408454	0.593226
65375	9.392141	-0.136428	3.905949	-0.085934	-0.494886	0.347778	0.560642	0.408090	-0.408911	0.593240
65376	9.430770	-0.167673	3.861810	-0.064148	-0.450440	0.369360	0.560188	0.408282	-0.409340	0.593242
65377	9.384317	-0.167869	3.812767	-0.069945	-0.430849	0.308589	0.559692	0.408493	-0.409714	0.593307
65378	9.340006	-0.210486	3.798629	-0.031918	-0.440849	0.262739	0.559169	0.408740	-0.410044	0.593401
65379	9.298969	-0.242437	3.753714	-0.005832	-0.421214	0.209413	0.558615	0.408990	-0.410396	0.593508
65380	9.303660	-0.259854	3.712432	0.003118	-0.389926	0.200089	0.558145	0.409116	-0.410800	0.593584
65381	9.311387	-0.248850	3.751837	-0.014591	-0.434492	0.219816	0.557704	0.409183	-0.411260	0.593633
65382	9.347431	-0.208742	3.708036	-0.065931	-0.391432	0.237685	0.557247	0.409238	-0.411593	0.593794
65383	9.445904	-0.168266	3.757402	-0.117686	-0.412853	0.345422	0.556991	0.409049	-0.411983	0.593895
65384	9.415340	-0.268890	3.773602	-0.024987	-0.438000	0.324794	0.556751	0.408868	-0.412460	0.593912
65385	9.409879	-0.319177	3.719834	0.013641	-0.390930	0.303232	0.556584	0.408596	-0.412872	0.593970
65386	9.404221	-0.318732	3.761919	0.005375	-0.434713	0.311738	0.556453	0.408311	-0.413235	0.594036
