// General information: 
//  MT Manager version: 2021.0.0 
//  XDA version: 2021.0.0 build 5908 rev 109668 built on 2021-04-19
// Device information: 
//  DeviceId: 00B43DEE
//  ProductCode: MTW2-3A7G6
//  Firmware Version: 4.3.5
//  Hardware Version: 1.1.0
// Device settings: 
//  Filter Profile: human(46.1)
//  Option Flags: Orientation Smoother Disabled, Position/Velocity Smoother Disabled, Continuous Zero Rotation Update Disabled, AHS Disabled, ICC Disabled
// Coordinate system: ENU
PacketCounter	Acc_X	Acc_Y	Acc_Z	FreeAcc_E	FreeAcc_N	FreeAcc_U	Quat_q0	Quat_q1	Quat_q2	Quat_q3
64468	-9.725277	0.706659	-1.253902	-0.024691	-0.354185	0.012108	0.516350	0.507644	0.571089	-0.386702
64469	-9.667987	0.683699	-1.315995	-0.056124	-0.278273	-0.035742	0.516657	0.507325	0.570914	-0.386968
64470	-9.635918	0.702277	-1.376173	-0.047486	-0.200209	-0.055864	0.516960	0.507027	0.570679	-0.387300
64471	-9.582750	0.682607	-1.480213	-0.083267	-0.082122	-0.092996	0.517225	0.506737	0.570436	-0.387684
64472	-9.567960	0.726920	-1.570928	-0.055153	0.027421	-0.089608	0.517460	0.506471	0.570197	-0.388068
64473	-9.576799	0.710345	-1.645798	-0.084837	0.106585	-0.070524	0.517692	0.506187	0.569995	-0.388427
64474	-9.558240	0.730097	-1.690842	-0.071788	0.167195	-0.080328	0.517925	0.505892	0.569826	-0.388749
64475	-9.534254	0.787309	-1.630275	-0.002252	0.132631	-0.108974	0.518162	0.505610	0.569646	-0.389064
64476	-9.519031	0.856350	-1.632701	0.066410	0.158690	-0.118287	0.518389	0.505346	0.569514	-0.389298
64477	-9.499759	0.856905	-1.677413	0.060111	0.212794	-0.130512	0.518588	0.505100	0.569454	-0.389439
64478	-9.503771	0.883181	-1.626205	0.095286	0.172485	-0.132430	0.518768	0.504899	0.569433	-0.389490
64479	-9.507837	0.865447	-1.663984	0.070242	0.209130	-0.124131	0.518919	0.504743	0.569435	-0.389489
64480	-9.542496	0.782380	-1.652262	-0.011866	0.179719	-0.098323	0.519036	0.504674	0.569430	-0.389430
64481	-9.536883	0.754146	-1.630905	-0.036242	0.155741	-0.109329	0.519037	0.504701	0.569387	-0.389456
64482	-9.532828	0.749756	-1.588797	-0.032742	0.114200	-0.120056	0.518961	0.504810	0.569344	-0.389479
64483	-9.572078	0.739267	-1.514903	-0.031454	0.032842	-0.093426	0.518873	0.504935	0.569306	-0.389490
64484	-9.598737	0.747149	-1.460863	-0.015023	-0.024809	-0.074758	0.518765	0.505062	0.569303	-0.389473
64485	-9.657433	0.750614	-1.365067	0.002926	-0.128967	-0.031266	0.518699	0.505171	0.569282	-0.389450
64486	-9.657052	0.750705	-1.367713	0.001794	-0.128034	-0.031253	0.518637	0.505290	0.569236	-0.389445
64487	-9.640817	0.785546	-1.348251	0.039636	-0.138940	-0.047477	0.518581	0.505412	0.569126	-0.389523
64488	-9.622959	0.795991	-1.349857	0.049760	-0.132509	-0.063994	0.518560	0.505496	0.569030	-0.389583
64489	-9.625999	0.758506	-1.387784	0.005097	-0.102203	-0.058168	0.518543	0.505568	0.568930	-0.389658
64490	-9.623851	0.791418	-1.444377	0.026472	-0.040510	-0.049044	0.518522	0.505646	0.568817	-0.389749
64491	-9.642302	0.821324	-1.450056	0.053160	-0.031755	-0.027628	0.518515	0.505717	0.568699	-0.389839
64492	-9.616610	0.816613	-1.481811	0.042988	0.003986	-0.048470	0.518568	0.505733	0.568594	-0.389901
64493	-9.585804	0.804143	-1.494571	0.029073	0.021240	-0.077867	0.518626	0.505708	0.568520	-0.389963
64494	-9.556042	0.852746	-1.516920	0.073675	0.058076	-0.099945	0.518675	0.505686	0.568461	-0.390013
64495	-9.565548	0.871189	-1.460249	0.101098	0.006013	-0.097712	0.518737	0.505650	0.568445	-0.390000
64496	-9.593332	0.854751	-1.493913	0.076599	0.032086	-0.066534	0.518779	0.505649	0.568410	-0.389997
64497	-9.598114	0.841636	-1.509916	0.059732	0.045035	-0.060437	0.518818	0.505648	0.568393	-0.389971
64498	-9.647726	0.826403	-1.468533	0.048789	-0.005888	-0.019029	0.518845	0.505678	0.568366	-0.389936
64499	-9.625742	0.812614	-1.423341	0.043980	-0.048486	-0.048627	0.518864	0.505671	0.568351	-0.389941
64500	-9.575917	0.826989	-1.466546	0.052755	0.004473	-0.090031	0.518861	0.505667	0.568345	-0.389960
64501	-9.590123	0.832477	-1.426467	0.064579	-0.035718	-0.081663	0.518900	0.505647	0.568359	-0.389912
64502	-9.607707	0.822056	-1.426703	0.052414	-0.040071	-0.065127	0.518978	0.505629	0.568353	-0.389842
64503	-9.576212	0.789822	-1.438079	0.019093	-0.029288	-0.097004	0.519016	0.505617	0.568360	-0.389795
64504	-9.612146	0.809272	-1.444754	0.034398	-0.025871	-0.059035	0.519023	0.505641	0.568370	-0.389740
64505	-9.580488	0.776646	-1.457381	0.000939	-0.015141	-0.090925	0.519017	0.505675	0.568395	-0.389669
64506	-9.548748	0.744011	-1.470492	-0.032213	-0.004620	-0.122825	0.518977	0.505734	0.568423	-0.389605
64507	-9.627689	0.736636	-1.442649	-0.038737	-0.047683	-0.049876	0.518881	0.505863	0.568387	-0.389618
64508	-9.629479	0.780906	-1.426591	0.007306	-0.057516	-0.047009	0.518812	0.505963	0.568353	-0.389628
64509	-9.610688	0.828486	-1.460558	0.048293	-0.014272	-0.056540	0.518827	0.505986	0.568357	-0.389572
64510	-9.612307	0.852399	-1.440191	0.074887	-0.030531	-0.056118	0.518823	0.505994	0.568355	-0.389570
64511	-9.581828	0.880820	-1.461397	0.099901	-0.000282	-0.080628	0.518838	0.506030	0.568331	-0.389540
64512	-9.613041	0.834620	-1.415318	0.061194	-0.058938	-0.060608	0.518796	0.506050	0.568366	-0.389518
64513	-9.627223	0.839498	-1.376527	0.072777	-0.099045	-0.052160	0.518777	0.506044	0.568413	-0.389481
64514	-9.603397	0.878507	-1.391718	0.110001	-0.074275	-0.070189	0.518814	0.505956	0.568510	-0.389405
64515	-9.631806	0.824085	-1.394965	0.054703	-0.085062	-0.046086	0.518945	0.505777	0.568647	-0.389264
64516	-9.637470	0.773034	-1.379058	0.007011	-0.108976	-0.047019	0.519126	0.505566	0.568739	-0.389162
64517	-9.632192	0.743796	-1.356358	-0.017636	-0.132900	-0.057991	0.519295	0.505364	0.568804	-0.389104
64518	-9.613279	0.749220	-1.380634	-0.015631	-0.102684	-0.072471	0.519426	0.505193	0.568837	-0.389103
64519	-9.653121	0.750669	-1.424503	-0.024527	-0.063362	-0.026429	0.519588	0.505012	0.568854	-0.389098
64520	-9.621849	0.774413	-1.466759	-0.007683	-0.009125	-0.048931	0.519759	0.504815	0.568834	-0.389154
64521	-9.596911	0.788792	-1.499375	0.001705	0.032995	-0.067436	0.519917	0.504611	0.568866	-0.389161
64522	-9.556777	0.800858	-1.479857	0.019488	0.026134	-0.108962	0.520071	0.504402	0.568907	-0.389164
64523	-9.524636	0.783677	-1.516951	-0.002585	0.067117	-0.136455	0.520197	0.504252	0.568940	-0.389143
64524	-9.581701	0.798501	-1.470810	0.017883	0.017526	-0.085959	0.520258	0.504149	0.568976	-0.389143
64525	-9.593883	0.758366	-1.448951	-0.017818	-0.011715	-0.080436	0.520289	0.504112	0.568979	-0.389144
64526	-9.600557	0.768748	-1.442877	-0.006953	-0.015936	-0.073937	0.520343	0.504063	0.568970	-0.389149
64527	-9.558135	0.757717	-1.447414	-0.017134	-0.005325	-0.115947	0.520438	0.503991	0.568964	-0.389124
64528	-9.587258	0.744924	-1.456288	-0.033449	-0.002985	-0.086944	0.520503	0.503939	0.568998	-0.389055
64529	-9.597068	0.739358	-1.491480	-0.046743	0.028586	-0.072468	0.520552	0.503911	0.569024	-0.388988
64530	-9.620618	0.776656	-1.516829	-0.016615	0.055995	-0.042486	0.520567	0.503900	0.569028	-0.388975
64531	-9.613941	0.809052	-1.436848	0.030325	-0.014701	-0.058415	0.520576	0.503909	0.569013	-0.388974
64532	-9.595075	0.835633	-1.466573	0.051753	0.022055	-0.070438	0.520558	0.503922	0.568994	-0.389008
64533	-9.592786	0.834352	-1.399235	0.063458	-0.043306	-0.082855	0.520534	0.503947	0.568993	-0.389010
64534	-9.617416	0.854335	-1.396987	0.082481	-0.046189	-0.057319	0.520493	0.503979	0.568983	-0.389038
64535	-9.605347	0.834698	-1.386868	0.065713	-0.058312	-0.072302	0.520459	0.504044	0.568964	-0.389026
64536	-9.618041	0.836360	-1.372861	0.068936	-0.074508	-0.061756	0.520425	0.504100	0.568944	-0.389029
64537	-9.634685	0.784200	-1.368051	0.017383	-0.091773	-0.050261	0.520430	0.504128	0.568937	-0.388995
64538	-9.624988	0.809643	-1.338674	0.047880	-0.114708	-0.062174	0.520470	0.504091	0.568984	-0.388921
64539	-9.647269	0.785552	-1.355077	0.019663	-0.106929	-0.039699	0.520536	0.504019	0.569049	-0.388831
64540	-9.609838	0.782445	-1.379005	0.013521	-0.078058	-0.073253	0.520617	0.503945	0.569089	-0.388762
64541	-9.602047	0.787388	-1.413844	0.011557	-0.041151	-0.075316	0.520704	0.503867	0.569097	-0.388735
64542	-9.601336	0.823914	-1.445535	0.041060	-0.003117	-0.068337	0.520719	0.503856	0.569103	-0.388719
64543	-9.599628	0.819622	-1.472066	0.031513	0.021868	-0.066399	0.520713	0.503894	0.569092	-0.388694
64544	-9.617518	0.828807	-1.476374	0.038334	0.024246	-0.047381	0.520664	0.503979	0.569034	-0.388734
64545	-9.632967	0.817075	-1.408846	0.038531	-0.046375	-0.043200	0.520614	0.504062	0.568976	-0.388780
64546	-9.555361	0.847852	-1.418865	0.070948	-0.018930	-0.115700	0.520581	0.504087	0.568968	-0.388801
64547	-9.592562	0.849664	-1.397457	0.074749	-0.045783	-0.082097	0.520617	0.504055	0.569014	-0.388728
64548	-9.628133	0.848317	-1.401321	0.070335	-0.048630	-0.046574	0.520705	0.503964	0.569124	-0.388567
64549	-9.614049	0.805064	-1.413083	0.025685	-0.043331	-0.062183	0.520825	0.503826	0.569264	-0.388381
64550	-9.620541	0.815962	-1.408269	0.036514	-0.047648	-0.055627	0.520907	0.503721	0.569376	-0.388243
64551	-9.595508	0.794909	-1.413658	0.015299	-0.042508	-0.081190	0.521016	0.503642	0.569446	-0.388096
64552	-9.595680	0.815580	-1.418313	0.033647	-0.034994	-0.078649	0.521083	0.503579	0.569540	-0.387950
64553	-9.601253	0.785616	-1.407836	0.005365	-0.052375	-0.077160	0.521101	0.503569	0.569583	-0.387875
64554	-9.614000	0.787321	-1.393747	0.008555	-0.068491	-0.066579	0.521131	0.503559	0.569611	-0.387807
64555	-9.614222	0.807396	-1.398425	0.026847	-0.060823	-0.064029	0.521182	0.503504	0.569671	-0.387722
64556	-9.601016	0.804892	-1.416069	0.021269	-0.042506	-0.074600	0.521224	0.503470	0.569722	-0.387635
64557	-9.612164	0.802911	-1.427062	0.016191	-0.034746	-0.062128	0.521239	0.503457	0.569770	-0.387560
64558	-9.618635	0.813567	-1.422600	0.026901	-0.039024	-0.055558	0.521244	0.503453	0.569803	-0.387510
64559	-9.636966	0.843086	-1.430056	0.053191	-0.029932	-0.033973	0.521253	0.503453	0.569821	-0.387471
64560	-9.625395	0.843894	-1.422642	0.055809	-0.035461	-0.046423	0.521286	0.503411	0.569864	-0.387418
64561	-9.594156	0.831219	-1.437273	0.042215	-0.018436	-0.076036	0.521293	0.503402	0.569860	-0.387428
64562	-9.595728	0.833872	-1.413171	0.049358	-0.041393	-0.077892	0.521282	0.503423	0.569831	-0.387457
64563	-9.613341	0.822382	-1.413621	0.036685	-0.045570	-0.061403	0.521301	0.503441	0.569793	-0.387465
64564	-9.590000	0.804549	-1.393599	0.023704	-0.064414	-0.088860	0.521310	0.503454	0.569792	-0.387437
64565	-9.610901	0.797325	-1.438653	0.006410	-0.025920	-0.062090	0.521314	0.503465	0.569815	-0.387384
64566	-9.597185	0.774185	-1.453583	-0.018766	-0.014138	-0.075250	0.521328	0.503455	0.569841	-0.387338
64567	-9.616341	0.765886	-1.429869	-0.023145	-0.042062	-0.060620	0.521272	0.503499	0.569819	-0.387390
64568	-9.605705	0.807111	-1.428486	0.018433	-0.034672	-0.067944	0.521228	0.503546	0.569800	-0.387416
64569	-9.600945	0.818911	-1.414348	0.032984	-0.045591	-0.073798	0.521214	0.503576	0.569768	-0.387442
64570	-9.618993	0.827715	-1.417971	0.039717	-0.043119	-0.054750	0.521213	0.503603	0.569720	-0.387479
64571	-9.605903	0.824880	-1.434720	0.034063	-0.024775	-0.065358	0.521199	0.503656	0.569646	-0.387538
64572	-9.577266	0.856841	-1.429824	0.067664	-0.018523	-0.091696	0.521163	0.503710	0.569577	-0.387618
64573	-9.580588	0.859703	-1.474704	0.061806	0.025012	-0.081446	0.521116	0.503765	0.569543	-0.387660
64574	-9.568074	0.819348	-1.461658	0.025446	0.006392	-0.099030	0.521056	0.503844	0.569525	-0.387663
64575	-9.590017	0.794991	-1.479472	-0.002993	0.014377	-0.076720	0.520972	0.503954	0.569490	-0.387684
64576	-9.564246	0.752956	-1.483432	-0.043802	0.013005	-0.104947	0.520858	0.504107	0.569452	-0.387695
64577	-9.580227	0.761548	-1.420894	-0.024100	-0.050888	-0.097932	0.520695	0.504294	0.569383	-0.387772
64578	-9.587457	0.812984	-1.423887	0.025631	-0.042040	-0.086161	0.520571	0.504450	0.569333	-0.387809
64579	-9.616056	0.799741	-1.435972	0.009065	-0.039437	-0.057253	0.520448	0.504579	0.569315	-0.387833
64580	-9.611994	0.852580	-1.429615	0.062672	-0.037279	-0.057903	0.520368	0.504662	0.569307	-0.387845
64581	-9.630615	0.824010	-1.403896	0.038695	-0.071853	-0.045804	0.520293	0.504747	0.569294	-0.387852
64582	-9.656187	0.884944	-1.408417	0.096270	-0.061693	-0.014951	0.520266	0.504785	0.569275	-0.387868
64583	-9.660227	0.850165	-1.422331	0.059755	-0.055021	-0.011709	0.520215	0.504817	0.569239	-0.387947
64584	-9.630859	0.840261	-1.410917	0.054245	-0.062022	-0.043175	0.520219	0.504801	0.569178	-0.388052
64585	-9.581703	0.817065	-1.421255	0.032468	-0.046310	-0.091917	0.520221	0.504802	0.569113	-0.388144
64586	-9.604497	0.812695	-1.439484	0.023340	-0.031664	-0.067052	0.520248	0.504821	0.569030	-0.388205
64587	-9.544900	0.771894	-1.506843	-0.026784	0.037117	-0.118905	0.520255	0.504845	0.568979	-0.388238
64588	-9.520661	0.787564	-1.611295	-0.030131	0.145681	-0.125718	0.520226	0.504909	0.568908	-0.388298
64589	-9.480781	0.838321	-1.695132	0.005837	0.242041	-0.148172	0.520132	0.505046	0.568843	-0.388342
64590	-9.457589	0.858046	-1.777919	0.010833	0.326658	-0.156787	0.519938	0.505279	0.568841	-0.388301
64591	-9.469377	0.860102	-1.769073	0.013894	0.310583	-0.146155	0.519635	0.505651	0.568824	-0.388247
64592	-9.536024	0.854026	-1.739381	0.010228	0.261565	-0.085301	0.519204	0.506161	0.568768	-0.388240
64593	-9.588157	0.907053	-1.598565	0.086395	0.116494	-0.051034	0.518744	0.506683	0.568698	-0.388278
64594	-9.638354	0.935792	-1.479455	0.134891	-0.011165	-0.017585	0.518330	0.507139	0.568659	-0.388294
64595	-9.632779	0.932175	-1.375526	0.151075	-0.118981	-0.039537	0.518073	0.507451	0.568643	-0.388252
64596	-9.573005	0.916405	-1.358096	0.141670	-0.134062	-0.102456	0.517926	0.507639	0.568681	-0.388146
64597	-9.617330	0.909993	-1.400596	0.124755	-0.106076	-0.052770	0.517817	0.507776	0.568755	-0.388004
64598	-9.654020	0.851266	-1.442547	0.056905	-0.085859	-0.014979	0.517767	0.507843	0.568853	-0.387838
64599	-9.656471	0.776896	-1.453351	-0.018613	-0.092353	-0.017059	0.517706	0.507907	0.568956	-0.387685
64600	-9.630084	0.714476	-1.454716	-0.078671	-0.100168	-0.048008	0.517646	0.507947	0.569021	-0.387617
64601	-9.627075	0.730517	-1.417893	-0.056000	-0.135117	-0.055472	0.517569	0.508037	0.569048	-0.387563
64602	-9.615834	0.751740	-1.415049	-0.033740	-0.134177	-0.065247	0.517490	0.508108	0.569048	-0.387575
64603	-9.638631	0.767492	-1.438572	-0.023324	-0.112984	-0.037799	0.517433	0.508159	0.568992	-0.387667
64604	-9.626324	0.804468	-1.461370	0.010085	-0.081573	-0.043239	0.517417	0.508154	0.568941	-0.387770
64605	-9.630763	0.867576	-1.514358	0.062601	-0.018318	-0.025282	0.517470	0.508079	0.568918	-0.387831
64606	-9.587392	0.892406	-1.548737	0.083624	0.028869	-0.060496	0.517547	0.507935	0.568957	-0.387859
64607	-9.568541	0.917640	-1.576546	0.105065	0.065606	-0.072605	0.517619	0.507816	0.568976	-0.387892
64608	-9.593779	0.936667	-1.572512	0.123658	0.062879	-0.046855	0.517725	0.507660	0.569026	-0.387881
64609	-9.593194	0.894000	-1.565143	0.083421	0.050967	-0.052117	0.517895	0.507432	0.569108	-0.387832
64610	-9.575068	0.862356	-1.557188	0.054757	0.044107	-0.073823	0.518110	0.507174	0.569175	-0.387785
64611	-9.548644	0.836229	-1.583413	0.025395	0.073175	-0.097901	0.518303	0.506946	0.569222	-0.387755
64612	-9.511276	0.832622	-1.604301	0.019462	0.102070	-0.131747	0.518471	0.506769	0.569270	-0.387691
64613	-9.525086	0.813662	-1.653975	-0.009715	0.145918	-0.111989	0.518571	0.506665	0.569343	-0.387587
64614	-9.516061	0.798263	-1.686765	-0.031163	0.176322	-0.117031	0.518609	0.506637	0.569399	-0.387491
64615	-9.521979	0.788854	-1.679982	-0.039942	0.165639	-0.113013	0.518577	0.506688	0.569442	-0.387403
64616	-9.539933	0.781563	-1.590178	-0.031595	0.071247	-0.109917	0.518474	0.506796	0.569511	-0.387297
64617	-9.566050	0.806225	-1.566801	-0.004803	0.044481	-0.085809	0.518393	0.506909	0.569585	-0.387149
64618	-9.600045	0.805325	-1.506073	0.003193	-0.024580	-0.061942	0.518304	0.507028	0.569664	-0.386996
64619	-9.632568	0.821213	-1.473485	0.022490	-0.063188	-0.033760	0.518238	0.507125	0.569751	-0.386831
64620	-9.647066	0.827667	-1.437570	0.033684	-0.103095	-0.024646	0.518223	0.507184	0.569838	-0.386644
64621	-9.703897	0.823801	-1.393964	0.033792	-0.158643	0.024034	0.518270	0.507177	0.569928	-0.386459
64622	-9.675717	0.799624	-1.356206	0.017359	-0.196131	-0.011697	0.518364	0.507108	0.570010	-0.386300
64623	-9.680877	0.827450	-1.379076	0.039225	-0.169930	-0.000680	0.518454	0.507020	0.570045	-0.386243
64624	-9.646835	0.811398	-1.347585	0.030295	-0.195521	-0.040449	0.518624	0.506883	0.570033	-0.386214
64625	-9.634581	0.809037	-1.430309	0.011806	-0.110701	-0.039608	0.518804	0.506741	0.570011	-0.386191
64626	-9.563681	0.790788	-1.488500	-0.014596	-0.042289	-0.101716	0.518968	0.506620	0.569966	-0.386194
64627	-9.572536	0.842901	-1.555501	0.022129	0.033077	-0.078113	0.519099	0.506536	0.569935	-0.386176
64628	-9.568619	0.835228	-1.604758	0.004396	0.082104	-0.074897	0.519197	0.506470	0.569909	-0.386168
64629	-9.573966	0.862981	-1.626497	0.026267	0.108308	-0.063912	0.519239	0.506476	0.569870	-0.386162
64630	-9.557816	0.856950	-1.599039	0.025270	0.084070	-0.084613	0.519273	0.506512	0.569794	-0.386182
64631	-9.566107	0.851324	-1.565535	0.024462	0.049443	-0.082168	0.519257	0.506596	0.569721	-0.386200
64632	-9.557656	0.897346	-1.538864	0.074360	0.032962	-0.090779	0.519226	0.506680	0.569647	-0.386242
64633	-9.583937	0.901447	-1.509100	0.081604	-0.000249	-0.069219	0.519192	0.506798	0.569576	-0.386237
64634	-9.594844	0.899959	-1.520332	0.076365	0.007623	-0.056844	0.519163	0.506890	0.569516	-0.386244
64635	-9.589677	0.892511	-1.503742	0.071327	-0.009867	-0.065147	0.519151	0.506967	0.569491	-0.386194
64636	-9.621860	0.867127	-1.461755	0.051495	-0.061388	-0.042201	0.519181	0.506985	0.569489	-0.386134
64637	-9.616812	0.859764	-1.444471	0.046646	-0.078904	-0.050497	0.519244	0.506975	0.569487	-0.386066
64638	-9.575603	0.833072	-1.420986	0.025848	-0.099229	-0.096985	0.519286	0.506984	0.569459	-0.386037
64639	-9.577224	0.795878	-1.459770	-0.019034	-0.068609	-0.092476	0.519287	0.507042	0.569415	-0.386025
64640	-9.601519	0.796300	-1.454791	-0.020154	-0.077777	-0.069319	0.519302	0.507090	0.569376	-0.386000
64641	-9.590944	0.839106	-1.453508	0.021516	-0.070259	-0.076281	0.519336	0.507107	0.569388	-0.385914
64642	-9.610999	0.832541	-1.498826	0.004071	-0.031578	-0.050009	0.519390	0.507120	0.569381	-0.385835
64643	-9.585719	0.812229	-1.503706	-0.016970	-0.026598	-0.075857	0.519420	0.507170	0.569343	-0.385785
64644	-9.580660	0.804962	-1.486532	-0.021887	-0.044091	-0.084154	0.519425	0.507223	0.569303	-0.385768
64645	-9.552463	0.858339	-1.485341	0.031359	-0.031641	-0.107506	0.519411	0.507281	0.569281	-0.385743
64646	-9.579350	0.862086	-1.525022	0.025711	0.001716	-0.074507	0.519390	0.507292	0.569339	-0.385671
64647	-9.576824	0.857973	-1.552873	0.016178	0.026803	-0.072970	0.519424	0.507273	0.569422	-0.385527
64648	-9.623207	0.875641	-1.502297	0.039483	-0.028822	-0.033762	0.519448	0.507286	0.569486	-0.385384
64649	-9.592954	0.867730	-1.423874	0.047172	-0.102500	-0.076548	0.519487	0.507279	0.569522	-0.385288
64650	-9.646030	0.855562	-1.428757	0.030513	-0.109947	-0.024622	0.519490	0.507308	0.569535	-0.385225
64651	-9.629816	0.849455	-1.402541	0.029511	-0.134228	-0.045233	0.519502	0.507347	0.569495	-0.385217
64652	-9.592778	0.887576	-1.431643	0.062668	-0.092575	-0.073781	0.519542	0.507344	0.569454	-0.385228
64653	-9.570361	0.870122	-1.479189	0.037055	-0.045042	-0.089852	0.519601	0.507317	0.569447	-0.385195
64654	-9.597390	0.874365	-1.517363	0.031329	-0.011722	-0.056885	0.519672	0.507299	0.569456	-0.385109
64655	-9.633641	0.795228	-1.553130	-0.056254	0.002381	-0.022464	0.519675	0.507352	0.569427	-0.385078
64656	-9.597186	0.775701	-1.548852	-0.073246	0.000525	-0.060700	0.519603	0.507478	0.569325	-0.385158
64657	-9.542839	0.865121	-1.516430	0.023382	-0.006284	-0.111492	0.519518	0.507601	0.569243	-0.385234
64658	-9.569781	0.888959	-1.489979	0.050020	-0.032900	-0.087081	0.519502	0.507639	0.569229	-0.385226
64659	-9.630348	0.907925	-1.491181	0.064621	-0.039070	-0.025663	0.519535	0.507611	0.569257	-0.385176
64660	-9.607850	0.890035	-1.539122	0.039017	0.008471	-0.041800	0.519588	0.507558	0.569263	-0.385166
64661	-9.579493	0.901774	-1.598793	0.040515	0.074363	-0.059285	0.519635	0.507534	0.569221	-0.385195
64662	-9.555856	0.941600	-1.611940	0.077959	0.098869	-0.077006	0.519661	0.507524	0.569225	-0.385168
64663	-9.592650	0.902541	-1.585045	0.042147	0.059512	-0.048438	0.519678	0.507533	0.569222	-0.385138
64664	-9.552453	0.916020	-1.568045	0.060530	0.052016	-0.089475	0.519634	0.507598	0.569175	-0.385181
64665	-9.529852	0.918394	-1.551372	0.067277	0.039504	-0.114120	0.519588	0.507652	0.569169	-0.385180
64666	-9.535015	0.867221	-1.538467	0.019420	0.015763	-0.115531	0.519540	0.507683	0.569217	-0.385132
64667	-9.573563	0.909474	-1.525325	0.061472	0.002513	-0.076000	0.519541	0.507647	0.569301	-0.385056
64668	-9.645808	0.946683	-1.539270	0.091443	0.009755	0.000504	0.519625	0.507518	0.569414	-0.384945
64669	-9.614838	0.954111	-1.555641	0.097590	0.033021	-0.026736	0.519740	0.507343	0.569512	-0.384877
64670	-9.570077	0.939035	-1.584144	0.080071	0.066882	-0.067597	0.519835	0.507218	0.569577	-0.384816
64671	-9.586085	0.943451	-1.612415	0.078356	0.093506	-0.047027	0.519890	0.507117	0.569617	-0.384816
64672	-9.585663	0.921292	-1.609899	0.057589	0.088121	-0.049777	0.519923	0.507051	0.569655	-0.384802
64673	-9.532815	0.952218	-1.611012	0.091288	0.104216	-0.098912	0.519934	0.506982	0.569708	-0.384800
64674	-9.563264	0.921254	-1.593503	0.063057	0.076719	-0.074406	0.519972	0.506917	0.569768	-0.384744
64675	-9.576594	0.921892	-1.578994	0.065956	0.060732	-0.063522	0.520009	0.506842	0.569818	-0.384720
64676	-9.553141	0.960400	-1.592128	0.103438	0.085185	-0.081203	0.520010	0.506762	0.569851	-0.384775
64677	-9.501430	0.933147	-1.627284	0.074139	0.124303	-0.128936	0.520028	0.506682	0.569887	-0.384802
64678	-9.505084	0.897888	-1.641149	0.037517	0.131047	-0.126221	0.520028	0.506639	0.569955	-0.384759
64679	-9.610967	0.850969	-1.646604	-0.014380	0.108857	-0.025242	0.519954	0.506639	0.570032	-0.384744
64680	-9.625216	0.813207	-1.603191	-0.042208	0.055879	-0.021293	0.519793	0.506737	0.570047	-0.384811
64681	-9.642084	0.877058	-1.505696	0.040146	-0.031083	-0.014547	0.519677	0.506760	0.570054	-0.384927
64682	-9.556286	1.009725	-1.450077	0.187988	-0.045624	-0.096338	0.519716	0.506561	0.570164	-0.384973
64683	-9.542820	1.061832	-1.498724	0.232691	0.016131	-0.097510	0.519928	0.506181	0.570358	-0.384899
64684	-9.579653	0.979958	-1.599805	0.132140	0.096992	-0.052432	0.520197	0.505797	0.570535	-0.384778
64685	-9.666474	0.939690	-1.625614	0.083616	0.103806	0.033560	0.520392	0.505495	0.570654	-0.384735
64686	-9.634912	0.904402	-1.633802	0.050890	0.113969	0.000732	0.520465	0.505253	0.570770	-0.384782
64687	-9.559834	0.992830	-1.579387	0.155797	0.093175	-0.074226	0.520487	0.504952	0.570939	-0.384897
64688	-9.493322	1.054940	-1.555716	0.228983	0.096661	-0.138261	0.520618	0.504572	0.571126	-0.384940
64689	-9.494276	1.050344	-1.553000	0.227688	0.097772	-0.138242	0.520899	0.504089	0.571357	-0.384850
64690	-9.552464	0.943835	-1.601150	0.112383	0.119273	-0.082465	0.521181	0.503631	0.571630	-0.384662
64691	-9.541000	0.844595	-1.620282	0.013093	0.123542	-0.099093	0.521389	0.503255	0.571927	-0.384431
64692	-9.536682	0.777037	-1.638684	-0.054838	0.129089	-0.106107	0.521415	0.503059	0.572201	-0.384246
64693	-9.513506	0.698862	-1.588032	-0.117610	0.066420	-0.143210	0.521246	0.503078	0.572380	-0.384182
64694	-9.486227	0.710534	-1.490937	-0.082048	-0.024965	-0.184142	0.520914	0.503254	0.572465	-0.384276
64695	-9.548602	0.728408	-1.403679	-0.046711	-0.121495	-0.134891	0.520562	0.503493	0.572517	-0.384363
64696	-9.596337	0.704824	-1.395131	-0.067371	-0.147381	-0.091237	0.520268	0.503682	0.572596	-0.384395
64697	-9.605325	0.658797	-1.405796	-0.111676	-0.152423	-0.084541	0.519927	0.503888	0.572694	-0.384440
64698	-9.567634	0.694597	-1.441591	-0.078292	-0.110954	-0.113109	0.519552	0.504148	0.572796	-0.384454
64699	-9.581610	0.677099	-1.475689	-0.099539	-0.090795	-0.095423	0.519130	0.504478	0.572867	-0.384486
64700	-9.621084	0.622634	-1.473239	-0.151423	-0.117845	-0.061454	0.518669	0.504890	0.572887	-0.384537
64701	-9.609318	0.642329	-1.476685	-0.129196	-0.117076	-0.070933	0.518082	0.505439	0.572800	-0.384737
64702	-9.575542	0.722195	-1.358148	-0.022943	-0.219826	-0.116901	0.517432	0.506052	0.572665	-0.385007
64703	-9.585969	0.795446	-1.345991	0.054162	-0.228401	-0.102892	0.516851	0.506585	0.572567	-0.385233
64704	-9.623747	0.814593	-1.337140	0.076587	-0.247995	-0.065860	0.516307	0.507017	0.572558	-0.385406
64705	-9.626029	0.855937	-1.397128	0.109610	-0.191176	-0.050697	0.515846	0.507360	0.572654	-0.385430
64706	-9.712446	0.818346	-1.479702	0.056189	-0.141482	0.044677	0.515441	0.507689	0.572735	-0.385420
64707	-9.641184	0.802484	-1.522747	0.038754	-0.097555	-0.019622	0.515006	0.508063	0.572731	-0.385512
64708	-9.579132	0.838261	-1.496633	0.084986	-0.112542	-0.082195	0.514464	0.508545	0.572632	-0.385748
64709	-9.609956	0.846133	-1.492738	0.095534	-0.126873	-0.052040	0.513996	0.508935	0.572569	-0.385951
64710	-9.671388	0.844668	-1.540935	0.085611	-0.096547	0.016200	0.513656	0.509189	0.572551	-0.386095
64711	-9.714479	0.850909	-1.474951	0.104894	-0.170597	0.047867	0.513452	0.509259	0.572629	-0.386157
64712	-9.596333	0.931960	-1.496551	0.189458	-0.116446	-0.058285	0.513451	0.509027	0.572923	-0.386029
64713	-9.436951	0.968886	-1.669981	0.205297	0.085175	-0.182827	0.513483	0.508671	0.573357	-0.385812
64714	-9.479674	0.956867	-1.781123	0.174823	0.180539	-0.123051	0.513511	0.508364	0.573814	-0.385500
64715	-9.625032	0.970351	-1.779313	0.184951	0.151124	0.020508	0.513478	0.508153	0.574215	-0.385225
64716	-9.645246	0.996847	-1.653924	0.236478	0.027125	0.021095	0.513493	0.507898	0.574610	-0.384952
64717	-9.585516	0.879919	-1.592376	0.138879	-0.045327	-0.057141	0.513442	0.507750	0.574904	-0.384775
64718	-9.556296	0.811387	-1.550651	0.083809	-0.096235	-0.098298	0.513306	0.507696	0.575169	-0.384632
64719	-9.551823	0.668750	-1.579793	-0.058338	-0.098018	-0.108704	0.513112	0.507714	0.575466	-0.384424
64720	-9.593764	0.600315	-1.661073	-0.139038	-0.046112	-0.058797	0.512810	0.507810	0.575722	-0.384317
64721	-9.612662	0.625664	-1.608011	-0.100362	-0.103470	-0.047461	0.512479	0.507891	0.575999	-0.384235
64722	-9.593252	0.611981	-1.613491	-0.109346	-0.103958	-0.066632	0.512173	0.507993	0.576238	-0.384151
64723	-9.639347	0.583570	-1.562810	-0.125446	-0.172319	-0.032375	0.511720	0.508335	0.576186	-0.384381
64724	-9.597213	0.685442	-1.503448	-0.008489	-0.208952	-0.076520	0.511137	0.508849	0.575998	-0.384757
64725	-9.611000	0.740784	-1.461551	0.057246	-0.248041	-0.066334	0.510507	0.509419	0.575792	-0.385148
64726	-9.674615	0.705005	-1.524184	0.011796	-0.211766	0.004306	0.509830	0.510100	0.575500	-0.385578
64727	-9.626142	0.648482	-1.552539	-0.044348	-0.191148	-0.042580	0.509107	0.510966	0.575002	-0.386129
64728	-9.517344	0.672243	-1.620578	-0.026633	-0.107163	-0.135610	0.508273	0.511952	0.574444	-0.386754
64729	-9.511266	0.704751	-1.798405	-0.022863	0.064320	-0.107511	0.507386	0.512961	0.573904	-0.387383
64730	-9.504632	0.697706	-2.014078	-0.062632	0.265476	-0.075803	0.506438	0.513991	0.573372	-0.388044
64731	-9.434409	0.741187	-2.066734	-0.021329	0.328760	-0.131764	0.505619	0.514903	0.572923	-0.388566
64732	-9.473477	0.801746	-2.065748	0.039843	0.322277	-0.088932	0.505026	0.515584	0.572634	-0.388859
64733	-9.490140	0.808878	-2.077236	0.046240	0.325103	-0.069786	0.504574	0.516095	0.572407	-0.389102
64734	-9.496423	0.949503	-1.929019	0.211473	0.195811	-0.080182	0.504153	0.516428	0.572413	-0.389198
64735	-9.496133	0.949577	-1.981155	0.205584	0.239668	-0.070845	0.503983	0.516473	0.572687	-0.388956
64736	-9.444518	0.987245	-2.076038	0.230499	0.340757	-0.101135	0.503962	0.516367	0.573071	-0.388558
64737	-9.532906	1.012426	-2.099581	0.248003	0.343738	-0.008103	0.504015	0.516156	0.573578	-0.388022
64738	-9.625033	0.960956	-1.901362	0.226140	0.120665	0.041965	0.504247	0.515773	0.574085	-0.387478
64739	-9.619457	0.873487	-1.802638	0.156295	0.010404	0.011869	0.504643	0.515202	0.574636	-0.386904
64740	-9.684488	0.778682	-1.666473	0.082708	-0.148888	0.043467	0.505207	0.514445	0.575270	-0.386234
64741	-9.664505	0.690917	-1.691396	-0.008674	-0.132728	0.022105	0.506030	0.513441	0.575993	-0.385415
64742	-9.673281	0.496814	-1.726770	-0.209719	-0.128284	0.022987	0.507072	0.512281	0.576769	-0.384426
64743	-9.653178	0.297286	-1.748382	-0.414265	-0.132455	-0.007591	0.508130	0.511189	0.577404	-0.383530
64744	-9.597246	0.196191	-1.763497	-0.520890	-0.119659	-0.067437	0.509178	0.510212	0.577933	-0.382642
64745	-9.577620	0.115210	-1.786849	-0.612254	-0.103509	-0.088937	0.510183	0.509363	0.578366	-0.381780
64746	-9.663386	-0.012085	-1.816244	-0.755163	-0.109792	-0.009750	0.511164	0.508571	0.578658	-0.381079
64747	-9.722879	-0.007541	-1.877268	-0.773586	-0.055152	0.059348	0.512096	0.507820	0.578861	-0.380521
64748	-9.793552	0.038745	-1.710861	-0.706456	-0.211552	0.101865	0.513009	0.507059	0.578942	-0.380181
64749	-9.809565	0.071700	-1.488974	-0.638101	-0.409224	0.080497	0.513966	0.506299	0.578850	-0.380043
64750	-9.822441	0.099914	-1.288366	-0.577943	-0.582919	0.060325	0.514984	0.505478	0.578690	-0.380003
64751	-9.808831	0.206889	-1.195252	-0.460889	-0.629838	0.039999	0.516216	0.504438	0.578555	-0.379916
64752	-9.856509	0.338258	-1.210487	-0.346171	-0.574031	0.100993	0.517764	0.503181	0.578343	-0.379801
64753	-9.937926	0.328208	-1.177761	-0.363699	-0.590855	0.176093	0.519603	0.501660	0.578033	-0.379774
64754	-9.970030	0.311426	-1.036442	-0.363590	-0.696950	0.185042	0.521676	0.499889	0.577600	-0.379926
64755	-10.081395	0.260835	-0.858483	-0.390976	-0.851504	0.265082	0.524077	0.497650	0.577283	-0.380043
64756	-10.289988	0.240033	-0.608826	-0.375307	-1.075986	0.434909	0.526819	0.494904	0.576959	-0.380329
64757	-10.490784	0.176256	-0.186925	-0.357072	-1.459083	0.573151	0.529843	0.491560	0.576556	-0.381075
64758	-10.546534	0.126946	0.286374	-0.294174	-1.847285	0.571324	0.532814	0.487710	0.575951	-0.382790
64759	-10.667790	0.151316	0.805773	-0.137959	-2.251852	0.645933	0.535844	0.483286	0.575009	-0.385578
64760	-10.967801	0.181457	1.398737	0.044375	-2.718530	0.905866	0.539461	0.477905	0.573563	-0.389376
64761	-11.107635	0.045727	1.787092	0.036881	-2.958031	1.041804	0.544214	0.470699	0.571746	-0.394182
64762	-10.418713	0.231633	1.891862	0.313385	-2.717423	0.419333	0.550117	0.461920	0.569152	-0.400085
64763	-9.898561	-0.110973	1.881457	0.048359	-2.507535	-0.053671	0.557015	0.451424	0.567677	-0.404591
64764	-9.523414	-0.172049	2.435136	0.207994	-2.802940	-0.391970	0.564745	0.439511	0.567154	-0.407712
64765	-9.286571	1.893725	0.533007	1.732632	-0.166399	-0.481247	0.573119	0.427358	0.566767	-0.409482
64766	-9.303402	3.763018	-1.720793	2.852047	2.764108	-0.437405	0.580863	0.416814	0.567409	-0.408549
64767	-9.161914	4.284561	-2.043789	3.184223	3.432478	-0.617553	0.588056	0.407089	0.569043	-0.405782
64768	-9.169764	2.899189	-3.001257	1.479700	4.045727	-0.705680	0.594731	0.397360	0.571043	-0.402877
64769	-8.579369	2.054825	-2.561521	0.794401	3.438385	-1.331252	0.599624	0.388079	0.574194	-0.400183
64770	-9.131361	-0.570360	-2.123791	-1.501552	2.140597	-0.791567	0.602210	0.378625	0.580200	-0.396679
64771	-8.853261	-0.657808	-1.032323	-1.101166	1.107605	-1.012758	0.602441	0.372178	0.584209	-0.396545
64772	-8.148374	0.345763	-0.214640	0.223544	0.749833	-1.691799	0.602375	0.365440	0.589248	-0.395456
64773	-7.555711	-0.059760	-0.652219	-0.254011	0.963020	-2.294352	0.602629	0.357369	0.596201	-0.392007
64774	-7.521561	-0.980073	-1.003286	-1.157752	0.861351	-2.298843	0.602669	0.348013	0.605232	-0.386485
64775	-7.786132	-2.353422	-1.361763	-2.426763	0.503328	-1.946834	0.601542	0.336996	0.616718	-0.379790
64776	-7.678013	-3.059714	-2.549706	-3.476908	1.077030	-1.966582	0.598991	0.325382	0.629780	-0.372444
64777	-7.781819	-1.681865	-2.968585	-2.360104	1.992266	-1.897148	0.595495	0.315952	0.641714	-0.365735
64778	-8.452117	1.248939	-1.236692	1.201062	1.983178	-1.496990	0.591898	0.309717	0.651341	-0.359844
64779	-10.997623	1.589513	1.191665	3.171223	0.119695	0.902781	0.588326	0.307531	0.658675	-0.354180
64780	-12.998028	-0.337776	2.464667	2.588267	-2.090742	2.996092	0.585750	0.309543	0.662366	-0.349788
64781	-13.363129	2.445391	1.207472	4.230956	0.315607	3.149029	0.581490	0.322424	0.657175	-0.355011
64782	-12.556966	4.228888	2.290042	6.141800	0.134878	2.148130	0.579448	0.330878	0.655132	-0.354347
64783	-11.487126	3.155600	-0.212361	3.737110	1.664571	1.377433	0.585593	0.323413	0.658751	-0.344283
64784	-6.826596	1.197008	-4.810192	-1.022403	4.547199	-2.780894	0.594309	0.306453	0.666657	-0.329320
64785	-6.402903	-4.011105	-6.417026	-6.326575	2.588122	-2.634449	0.594290	0.294148	0.679656	-0.313632
64786	-12.195645	-7.765495	-1.563521	-5.482587	-4.000882	3.048263	0.585392	0.296930	0.688465	-0.308489
64787	-13.418213	-1.318342	0.553649	1.087197	-1.822154	3.513624	0.580493	0.307168	0.683419	-0.318769
64788	-8.258962	2.321985	-3.754965	0.762268	4.053714	-1.405088	0.579768	0.312838	0.677616	-0.326860
64789	-7.824827	3.375209	-2.298316	2.428298	3.506562	-2.085497	0.578261	0.313878	0.678793	-0.326091
64790	-10.031505	0.995857	0.181546	2.238529	-0.018319	0.018089	0.579857	0.306037	0.686178	-0.315065
64791	-10.042307	-0.158927	-0.567449	0.909487	-0.157408	0.204452	0.583592	0.296553	0.692511	-0.303158
64792	-10.156248	-0.589961	-1.392812	0.085743	0.141602	0.454219	0.587200	0.287531	0.698605	-0.290641
64793	-9.645346	-0.831844	-1.763615	-0.411050	0.205551	0.017022	0.590683	0.278399	0.704240	-0.278626
64794	-9.424377	-1.544276	-2.758730	-1.627680	0.355373	-0.012821	0.593256	0.269491	0.709965	-0.267154
64795	-9.319135	-2.199465	-2.357615	-1.810764	-0.497583	-0.132048	0.595283	0.261516	0.714856	-0.257349
64796	-9.256752	-2.757043	-1.622787	-1.642793	-1.498223	-0.274452	0.597095	0.254485	0.718887	-0.248830
64797	-9.801341	-2.655503	-0.913813	-0.930674	-2.005463	0.140428	0.598391	0.249189	0.721955	-0.242103
64798	-10.124640	-2.123221	-0.995038	-0.554816	-1.620869	0.437742	0.599514	0.245169	0.724042	-0.237146
64799	-10.116529	-2.019753	-1.156091	-0.586344	-1.470171	0.446689	0.600214	0.242162	0.725699	-0.233371
64800	-10.104814	-1.651828	-0.541597	0.128618	-1.604480	0.313426	0.600772	0.239691	0.727069	-0.230200
64801	-10.149913	-1.395524	-0.329867	0.478836	-1.564537	0.306595	0.602034	0.235369	0.729105	-0.224861
64802	-9.921249	-1.335193	-0.511744	0.356724	-1.409331	0.105090	0.603964	0.230523	0.730806	-0.219108
64803	-9.728985	-0.919630	-0.480518	0.604828	-1.100477	-0.109446	0.606314	0.225857	0.731959	-0.213559
64804	-9.477449	-0.446415	-0.769493	0.602757	-0.537042	-0.327875	0.609307	0.220914	0.732560	-0.208082
64805	-9.113967	0.054814	-0.886639	0.709745	-0.038101	-0.683165	0.612728	0.215792	0.732898	-0.202137
64806	-9.322829	0.005233	-0.980585	0.586795	-0.044160	-0.456931	0.616695	0.209507	0.733576	-0.194061
64807	-9.489416	-0.916403	-1.183655	-0.113989	-0.730156	-0.234403	0.621257	0.200739	0.734846	-0.183697
64808	-9.683622	-1.350324	-1.203463	-0.364145	-1.136295	-0.034126	0.625580	0.191603	0.736241	-0.172878
64809	-9.937326	-1.893248	-1.469795	-0.851066	-1.537599	0.257380	0.629851	0.182749	0.737332	-0.161962
64810	-10.227178	-1.576846	-1.697657	-0.882273	-1.229586	0.563872	0.634011	0.174602	0.737906	-0.151788
64811	-10.110080	-0.902895	-1.979515	-0.876366	-0.552861	0.476788	0.637978	0.166196	0.738456	-0.141579
64812	-10.347638	-0.125392	-1.455074	-0.091935	-0.139489	0.636157	0.641532	0.158237	0.738903	-0.131984
64813	-9.706739	0.495545	-0.549553	0.845234	0.077234	-0.114871	0.645547	0.148702	0.739257	-0.121061
64814	-9.455530	0.893302	-1.118644	0.384129	0.669191	-0.280602	0.648967	0.137459	0.740336	-0.108853
64815	-9.525948	1.184307	-1.861222	-0.266091	1.173753	-0.109012	0.652062	0.125461	0.741498	-0.096208
64816	-9.550575	1.072384	-2.123420	-0.628083	1.101678	-0.052393	0.655133	0.114430	0.742142	-0.083263
64817	-9.733755	1.139111	-2.070303	-0.624864	1.068584	0.126942	0.658050	0.103932	0.742511	-0.069604
64818	-9.766699	0.617235	-2.440709	-1.184555	0.562140	0.187616	0.660198	0.094281	0.743031	-0.056166
64819	-9.968917	0.542827	-1.921501	-0.722670	0.266789	0.324967	0.661482	0.087574	0.743430	-0.045648
64820	-9.987569	1.090027	-1.454662	-0.184954	0.638116	0.317170	0.662172	0.083726	0.743666	-0.038460
64821	-9.719746	1.510152	-1.258428	0.037088	0.983742	0.054855	0.662337	0.080442	0.744160	-0.032615
64822	-9.694137	1.527617	-1.018944	0.260507	0.927527	0.006677	0.662194	0.076059	0.744988	-0.026588
64823	-9.740236	1.311826	-1.153862	0.092610	0.706934	0.057273	0.661971	0.069768	0.746022	-0.019443
64824	-10.012986	1.373726	-1.060929	0.210867	0.718141	0.322024	0.662212	0.062642	0.746596	-0.012105
64825	-10.012119	1.684389	-0.856159	0.413052	1.001480	0.318396	0.663658	0.055279	0.745971	-0.005447
64826	-9.763619	2.617167	-0.123077	1.125276	1.898754	0.052425	0.666297	0.047572	0.744167	0.000783
64827	-9.819253	3.209984	0.843217	2.005011	2.466510	0.052730	0.669576	0.036334	0.741787	0.009992
64828	-10.051945	3.221015	1.149278	2.142905	2.539713	0.271469	0.673038	0.019139	0.738946	0.024762
64829	-10.352065	2.633446	0.514990	1.307208	2.034714	0.604199	0.676082	-0.002903	0.735504	0.044036
64830	-10.327835	2.258406	0.110218	0.707233	1.713544	0.595810	0.677559	-0.026466	0.732166	0.064387
64831	-9.930425	1.816578	-0.335984	0.112924	1.293906	0.204159	0.677647	-0.051037	0.728745	0.084380
64832	-8.951037	2.523754	-0.800391	-0.696241	1.967574	-0.714745	0.677712	-0.071844	0.724884	0.100435
64833	-8.459168	3.445396	-3.128272	-3.365046	2.278297	-1.055024	0.676948	-0.091193	0.721213	0.115227
64834	-8.425098	1.978635	-5.776103	-5.598876	-0.004807	-1.042782	0.676092	-0.105237	0.718499	0.124838
64835	-8.343779	1.281267	-3.931197	-3.665655	-0.205269	-1.254946	0.675252	-0.117350	0.715905	0.133202
64836	-8.372320	-1.052257	-3.300592	-2.262408	-2.255288	-1.333809	0.673068	-0.131937	0.713198	0.144639
64837	-8.169585	-2.190029	-2.052114	-0.599959	-2.867021	-1.617041	0.669474	-0.145101	0.711901	0.154750
64838	-8.979099	-2.541505	-1.494880	0.213145	-2.937184	-0.832474	0.665523	-0.157534	0.710916	0.163895
64839	-8.593339	-2.419633	-1.518060	0.230166	-2.782888	-1.198406	0.661484	-0.169257	0.710335	0.170928
64840	-8.616190	-2.943327	-2.099017	0.072232	-3.440149	-1.125579	0.656631	-0.180208	0.710948	0.175822
64841	-8.592659	-2.682571	-1.744721	0.374709	-2.953101	-1.140258	0.651842	-0.188663	0.712621	0.177989
64842	-8.715630	-2.106230	-1.638295	0.287691	-2.301519	-0.997851	0.647571	-0.194621	0.714874	0.178131
64843	-8.493771	-0.491969	-0.810594	0.244569	-0.418426	-1.279947	0.644708	-0.196873	0.717486	0.175518
64844	-8.742552	1.094247	0.787889	0.905250	1.832342	-1.206135	0.642131	-0.197788	0.720348	0.172180
64845	-10.599175	1.562822	3.055997	2.855459	3.536870	0.358846	0.639565	-0.199500	0.722683	0.169958
64846	-10.793163	2.412833	3.469509	2.815149	4.563428	0.463550	0.638275	-0.204407	0.722086	0.171508
64847	-11.067808	2.789206	0.528957	0.089322	3.499403	1.063974	0.634674	-0.212923	0.721431	0.177170
64848	-12.245856	0.890616	-0.390107	0.410169	1.537964	2.368144	0.630961	-0.220990	0.720627	0.183708
64849	-11.737966	0.343289	-0.398264	0.654525	1.042048	1.872433	0.628990	-0.227077	0.718655	0.190637
64850	-10.363726	-0.631897	-1.487693	0.154123	-0.516694	0.662442	0.628743	-0.230864	0.715863	0.197293
64851	-9.046000	-0.766327	-2.587255	-0.798558	-1.399146	-0.511299	0.628596	-0.233671	0.713877	0.201604
64852	-8.545176	0.115506	-4.697635	-3.037973	-1.956187	-0.754824	0.625720	-0.239575	0.713284	0.205680
64853	-8.970405	-0.305129	-4.767793	-2.735172	-2.295087	-0.297242	0.621571	-0.244599	0.714766	0.207199
64854	-9.755500	-0.829491	-2.997696	-0.867146	-1.551267	0.271216	0.619170	-0.245250	0.717181	0.205258
64855	-10.027922	-0.123010	-1.314345	0.116418	0.086659	0.300697	0.618966	-0.242227	0.719832	0.200125
64856	-9.557580	1.264065	-0.660560	-0.203769	1.594145	-0.283868	0.618839	-0.240973	0.721599	0.195615
64857	-9.078601	1.223986	-0.937442	-0.438336	1.416392	-0.724277	0.617091	-0.243301	0.722917	0.193375
64858	-9.309509	0.765182	-0.836081	-0.045243	1.190457	-0.510435	0.614678	-0.247347	0.723626	0.193277
64859	-9.869851	0.300037	-0.507885	0.570056	1.116309	-0.005002	0.612208	-0.252476	0.723137	0.196288
64860	-10.036799	-0.209953	-0.714456	0.739414	0.635263	0.204373	0.609702	-0.258660	0.721664	0.201395
64861	-10.282375	-0.536243	-0.951504	0.787738	0.279143	0.493704	0.607755	-0.264492	0.719621	0.206937
64862	-9.763579	-0.325281	-1.186040	0.415296	0.235127	0.016464	0.605855	-0.270984	0.716895	0.213467
64863	-9.534977	-1.173450	-2.119068	0.236844	-1.032358	-0.032030	0.603198	-0.277673	0.714751	0.219500
64864	-9.672931	-2.045040	-2.883064	0.287504	-2.156764	0.253365	0.601221	-0.282396	0.713368	0.223366
64865	-9.715197	-2.374878	-2.453757	0.858749	-2.105888	0.230905	0.600169	-0.284580	0.712955	0.224738
64866	-10.151481	-2.306772	-1.524211	1.562938	-1.370526	0.501177	0.599294	-0.286147	0.712921	0.225188
64867	-9.999884	-1.670234	-1.588755	1.078811	-0.939778	0.349224	0.598830	-0.287622	0.712635	0.225452
64868	-9.813697	-0.784595	-2.027122	0.140824	-0.584168	0.220875	0.598456	-0.289399	0.711943	0.226353
64869	-9.305583	-0.110624	-2.042674	-0.381535	-0.158153	-0.293862	0.597630	-0.291491	0.711416	0.227505
64870	-9.435102	-0.092583	-1.621448	-0.066135	0.159831	-0.240389	0.596112	-0.294510	0.710648	0.229987
64871	-9.631421	-0.194888	-1.752631	-0.058198	0.025368	-0.021369	0.594623	-0.297840	0.709441	0.233254
64872	-9.640926	-0.223257	-1.654118	0.039043	0.066164	-0.028644	0.593305	-0.301600	0.707677	0.237107
64873	-9.554991	-0.561622	-1.883412	0.107759	-0.357497	-0.064812	0.591981	-0.305897	0.705366	0.241753
64874	-9.513194	-0.581213	-1.693286	0.252932	-0.261394	-0.139344	0.590660	-0.310113	0.702963	0.246563
64875	-9.457102	-0.643590	-1.857592	0.185187	-0.445810	-0.165482	0.589199	-0.314129	0.700741	0.251256
64876	-9.410191	-0.519214	-2.248858	-0.165115	-0.665943	-0.147913	0.588071	-0.317060	0.699013	0.255002
64877	-9.700974	-0.467240	-2.268593	-0.172840	-0.621550	0.140076	0.586765	-0.319513	0.697870	0.258063
64878	-9.924180	-0.766436	-1.862130	0.358257	-0.503585	0.294851	0.585420	-0.321863	0.696929	0.260726
64879	-9.796166	-0.923871	-1.293677	0.849210	-0.211053	0.072974	0.584479	-0.323633	0.696131	0.262768
64880	-9.603354	-0.244281	-0.814010	0.638384	0.561059	-0.209335	0.583920	-0.324776	0.695410	0.264505
64881	-9.505441	1.034777	-1.010820	-0.464973	1.225091	-0.287519	0.583677	-0.325781	0.694196	0.266982
64882	-9.425241	1.169992	-1.209152	-0.709411	1.115531	-0.330166	0.582832	-0.327883	0.692113	0.271622
64883	-9.478105	-0.243568	-1.816632	-0.002317	-0.299259	-0.163640	0.580510	-0.332102	0.689098	0.279037
64884	-9.533690	-1.535269	-2.372103	0.707491	-1.577897	-0.020635	0.576906	-0.337417	0.685952	0.287748
64885	-9.691575	-2.103290	-2.282640	1.311074	-1.863399	0.105423	0.572431	-0.343327	0.682851	0.296925
64886	-10.044392	-1.444231	-2.287061	0.905762	-1.447839	0.448357	0.568143	-0.349099	0.679689	0.305560
64887	-10.134908	-0.849990	-2.080274	0.619944	-0.950573	0.506135	0.564175	-0.354641	0.676429	0.313656
64888	-9.877292	-0.121458	-1.272423	0.479116	0.055850	0.135270	0.560949	-0.359462	0.672943	0.321359
64889	-9.777912	0.110046	-0.273851	0.826205	0.962883	-0.112955	0.557244	-0.364945	0.668879	0.329994
64890	-10.383332	0.001859	0.328016	1.297467	1.453726	0.391449	0.552473	-0.371886	0.663855	0.340251
64891	-10.725199	0.051741	-0.091340	1.084309	1.126124	0.798482	0.547169	-0.379905	0.657614	0.351883
64892	-10.424922	0.635391	-0.853236	0.185606	0.647394	0.644689	0.542485	-0.387500	0.650872	0.363206
64893	-10.121322	1.197760	-1.266929	-0.530716	0.412504	0.435644	0.538736	-0.394056	0.644232	0.373430
64894	-9.749880	1.350343	-1.277613	-0.720579	0.328514	0.081139	0.536545	-0.398824	0.637960	0.382186
64895	-9.224495	1.521324	-1.268094	-0.942004	0.250863	-0.428522	0.535547	-0.401943	0.632325	0.389611
64896	-8.940208	1.879437	-1.136559	-1.269523	0.375533	-0.702387	0.535008	-0.404519	0.626690	0.396725
64897	-8.834547	2.127732	-0.915044	-1.452741	0.549840	-0.812696	0.533397	-0.408509	0.620277	0.404802
64898	-8.881173	2.126490	-1.438686	-1.642959	-0.058205	-0.715271	0.529628	-0.415285	0.612261	0.414932
64899	-9.079118	1.758385	-2.426220	-1.575437	-1.221799	-0.462140	0.523850	-0.424502	0.603040	0.426289
64900	-9.052850	1.599801	-2.549529	-1.421794	-1.500227	-0.499239	0.517733	-0.433905	0.593830	0.437087
64901	-8.938568	1.435050	-2.371099	-1.187053	-1.467981	-0.646730	0.512092	-0.442013	0.585843	0.446290
64902	-9.147451	1.546286	-1.796410	-1.122445	-0.946778	-0.477953	0.507527	-0.448224	0.579216	0.453895
64903	-9.495857	1.258875	-1.615173	-0.758026	-0.867863	-0.167127	0.503226	-0.453805	0.573383	0.460496
64904	-9.919535	1.271304	-1.151398	-0.646510	-0.432119	0.223961	0.499154	-0.459308	0.567905	0.466224
64905	-10.280557	1.412653	-0.218804	-0.629099	0.494483	0.535883	0.493872	-0.466479	0.561386	0.472581
64906	-10.659777	1.748816	0.423641	-0.895356	1.151862	0.898974	0.487463	-0.475278	0.552805	0.480518
64907	-10.883451	1.767987	0.702130	-0.937213	1.374836	1.109711	0.481246	-0.483716	0.543295	0.489133
64908	-9.684251	3.286823	1.295663	-2.565109	1.881543	-0.007394	0.477389	-0.489149	0.533538	0.498166
64909	-8.909133	3.550172	0.684403	-2.960445	1.068902	-0.727821	0.468970	-0.498556	0.521237	0.509726
64910	-8.553690	3.093628	-0.651233	-2.533702	-0.450889	-1.064248	0.458709	-0.508945	0.508546	0.521481
64911	-8.864058	2.009488	-1.587197	-1.343962	-1.439927	-0.798902	0.447282	-0.520064	0.496235	0.532187
64912	-9.385850	1.052255	-2.028315	-0.256197	-1.821944	-0.329544	0.437172	-0.529901	0.484967	0.541196
64913	-9.406149	0.280544	-2.093312	0.567766	-1.792445	-0.357479	0.428554	-0.538829	0.474274	0.548698
64914	-8.850166	0.460706	-1.874029	0.352386	-1.631120	-0.909603	0.421254	-0.546815	0.464037	0.555164
64915	-8.747790	0.292893	-2.869153	0.746998	-2.575701	-1.000806	0.413926	-0.554790	0.454164	0.560900
64916	-8.775676	0.502975	-3.046670	0.624658	-2.790845	-0.960084	0.408220	-0.561300	0.445812	0.565288
64917	-8.469816	0.924058	-3.826838	0.446455	-3.651823	-1.227757	0.402459	-0.567984	0.438684	0.568311
64918	-8.765614	0.162712	-3.747574	1.193338	-3.307375	-0.950210	0.395878	-0.576126	0.431786	0.570018
64919	-8.318109	-0.020575	-4.356045	1.557610	-3.770456	-1.355547	0.389789	-0.583640	0.426603	0.570472
64920	-8.095584	0.294614	-4.598030	1.341870	-4.006114	-1.511119	0.383334	-0.591455	0.424044	0.568702
64921	-8.647938	0.580813	-4.187026	0.937031	-3.543149	-0.912069	0.374936	-0.600810	0.421216	0.566593
64922	-9.151747	-0.010590	-3.787483	1.340695	-2.747481	-0.391966	0.364691	-0.611224	0.417545	0.564855
64923	-9.831017	-0.534201	-1.880091	1.065433	-0.537335	0.139287	0.354826	-0.621083	0.413771	0.563159
64924	-11.114674	-2.851871	-1.494703	2.917856	1.088154	1.331753	0.345837	-0.630945	0.410770	0.559976
64925	-11.398562	-2.950296	-1.234294	2.763217	1.601461	1.586944	0.345675	-0.635292	0.415519	0.551595
64926	-11.663953	0.113448	0.630279	-0.901083	2.259405	1.612591	0.350639	-0.635578	0.426237	0.539829
64927	-12.369056	2.357972	2.061340	-3.592284	3.045998	2.045416	0.356368	-0.633468	0.437358	0.529565
64928	-11.676375	3.061224	2.745190	-4.432457	3.504957	1.201466	0.362726	-0.629707	0.445197	0.523163
64929	-10.172871	3.191091	2.833917	-4.500130	3.361384	-0.317889	0.362554	-0.631205	0.444809	0.521804
64930	-9.821262	0.831820	0.691395	-1.609506	2.086176	-0.289874	0.354026	-0.638537	0.435508	0.526563
64931	-9.325736	-1.381770	-2.081326	1.424625	0.278477	-0.267905	0.343583	-0.647055	0.424465	0.532071
64932	-9.559653	-0.943025	-2.349626	1.095346	-0.029686	0.015645	0.336601	-0.652797	0.417112	0.535325
64933	-9.859364	0.286739	-1.446801	-0.425359	0.340066	0.141504	0.334033	-0.655168	0.413433	0.536889
64934	-9.811730	0.543432	-0.421004	-1.093917	1.118774	-0.102165	0.333952	-0.655753	0.411708	0.537551
64935	-9.600415	-0.911363	-0.976251	0.455641	1.193282	-0.204356	0.333291	-0.656970	0.409179	0.538405
64936	-9.604186	-1.718203	-1.656934	1.448532	0.930816	-0.067263	0.332455	-0.658642	0.406229	0.539112
64937	-9.899508	-1.294871	-1.449080	0.931957	0.972208	0.185463	0.330433	-0.660547	0.402352	0.540929
64938	-9.872407	-0.862777	-1.241315	0.445722	0.943915	0.120086	0.327959	-0.662362	0.397968	0.543453
64939	-9.731347	-0.360043	-1.717502	0.217526	0.259965	0.069804	0.325446	-0.664558	0.393710	0.545380
64940	-9.714402	-0.516363	-2.400969	0.661935	-0.267807	0.181861	0.322297	-0.667371	0.388950	0.547228
64941	-9.548077	-0.781219	-3.112975	1.234024	-0.779906	0.154038	0.320512	-0.669537	0.385279	0.548227
64942	-9.598549	-0.799217	-2.446135	0.908976	-0.189446	0.081367	0.319831	-0.670964	0.383348	0.548233
64943	-9.617436	-1.066088	-1.583891	0.699229	0.685490	-0.056591	0.318807	-0.672745	0.381031	0.548262
64944	-9.454258	-0.353533	-1.137755	-0.140459	0.682715	-0.309183	0.316727	-0.674595	0.377376	0.549720
64945	-9.187869	-0.211948	-2.151586	0.261510	-0.295779	-0.382135	0.312391	-0.677532	0.371980	0.552261
64946	-9.188726	0.069502	-2.538190	0.228135	-0.759456	-0.312631	0.307341	-0.680632	0.366573	0.554893
64947	-9.907108	-0.235621	-2.121243	0.203605	-0.117365	0.318977	0.300714	-0.684388	0.360884	0.557627
64948	-9.694728	-0.607974	-2.282544	0.638132	-0.041319	0.145140	0.293810	-0.688125	0.354667	0.560688
64949	-9.497166	-1.371338	-2.349359	1.331268	0.355085	-0.030174	0.286943	-0.692120	0.348533	0.563168
64950	-9.139141	-1.667560	-1.882679	1.333959	0.899931	-0.471406	0.281202	-0.695728	0.343373	0.564787
64951	-9.173560	-1.851167	-1.518233	1.236993	1.351435	-0.510578	0.276015	-0.699093	0.338782	0.565961
64952	-9.477077	-1.438475	-1.329080	0.729494	1.333256	-0.255451	0.272588	-0.701512	0.335732	0.566446
64953	-9.562381	-0.663432	-1.046388	-0.081121	1.110033	-0.234827	0.269849	-0.703109	0.333584	0.567046
64954	-9.910699	0.132187	-0.671935	-0.978725	0.968264	0.025782	0.266989	-0.704107	0.331566	0.568343
64955	-9.796365	0.410074	-0.446836	-1.311124	0.953610	-0.132390	0.262842	-0.705674	0.328606	0.570050
64956	-9.835991	0.538706	-0.485426	-1.383436	0.853817	-0.084909	0.257806	-0.707596	0.324703	0.572200
64957	-9.769325	0.627180	-0.948852	-1.130848	0.444648	-0.052728	0.251711	-0.709563	0.320042	0.575095
64958	-9.594745	0.775053	-1.108198	-1.085211	0.207864	-0.186320	0.245602	-0.711213	0.315594	0.578149
64959	-9.885548	-0.120887	-1.187477	-0.370397	0.816213	0.104228	0.237808	-0.713208	0.310296	0.581805
64960	-10.425633	-1.461117	-1.661718	0.890970	1.528742	0.697248	0.228785	-0.715271	0.303742	0.586332
64961	-10.753015	-2.068095	-1.943416	1.506410	1.876152	1.045099	0.218941	-0.717533	0.295803	0.591364
64962	-10.996919	-1.334535	-1.172003	0.440978	1.955505	1.144879	0.209573	-0.719721	0.287399	0.596224
64963	-10.715786	-0.128040	-1.173858	-0.306778	1.026639	0.914575	0.199238	-0.722100	0.276739	0.601906
64964	-10.032410	1.095922	-2.535936	0.086065	-0.894316	0.554217	0.190134	-0.723082	0.265323	0.608773
64965	-8.924881	2.265186	-2.410155	-0.480599	-1.943649	-0.507713	0.182608	-0.722802	0.255176	0.615708
64966	-9.094876	2.233329	-1.110823	-1.367673	-1.195032	-0.558604	0.174830	-0.722310	0.245868	0.622295
64967	-9.686675	1.625567	-0.142340	-1.731896	-0.145603	-0.144589	0.163906	-0.722534	0.234198	0.629469
64968	-9.791117	0.340246	-1.688697	0.366711	0.055911	0.121834	0.149826	-0.723345	0.219372	0.637339
64969	-9.829422	-0.108696	-3.394474	2.167768	-0.395536	0.350710	0.137268	-0.723911	0.205032	0.644260
64970	-9.545591	1.103097	-3.355716	1.698643	-1.434946	0.119581	0.127681	-0.723846	0.192800	0.650056
64971	-9.202084	1.652928	-3.198614	1.459122	-1.880020	-0.222221	0.119678	-0.723841	0.182959	0.654414
64972	-9.174815	1.387768	-2.600679	1.139606	-1.381731	-0.343890	0.113306	-0.723328	0.175898	0.658041
64973	-8.896344	1.586035	-2.624556	1.186057	-1.591124	-0.614335	0.108244	-0.722171	0.170834	0.661489
64974	-8.592323	2.292084	-2.366700	0.766603	-2.153875	-0.898899	0.103433	-0.721565	0.166615	0.663991
64975	-8.642752	2.700684	-1.678517	0.036688	-2.249652	-0.882640	0.097450	-0.722247	0.161171	0.665497
64976	-8.739862	2.748236	-1.365969	-0.222166	-2.162761	-0.808424	0.088565	-0.724458	0.152161	0.666456
64977	-9.316243	2.441735	-1.423797	-0.050875	-1.834608	-0.251664	0.077264	-0.727845	0.140044	0.666828
64978	-10.068229	2.928705	-0.772299	-0.823121	-2.032110	0.470096	0.064979	-0.730875	0.126276	0.667573
64979	-10.477790	3.300304	-0.043675	-1.571744	-2.199665	0.834742	0.051192	-0.732890	0.110916	0.669290
64980	-10.564367	2.846367	0.501606	-1.877056	-1.703642	0.842426	0.035467	-0.733596	0.094030	0.672114
64981	-11.047614	1.484230	1.218938	-2.231083	-0.304647	1.172103	0.016912	-0.733475	0.073371	0.675534
64982	-10.290614	1.516206	1.249335	-2.085534	-0.532102	0.440126	-0.001875	-0.730967	0.052239	0.680408
64983	-9.743465	1.899211	0.849380	-1.504797	-1.102566	-0.025999	-0.020187	-0.727046	0.032027	0.685544
64984	-9.097279	2.878716	-0.337845	-0.091855	-2.212448	-0.525420	-0.038879	-0.723114	0.011615	0.689536
64985	-8.835180	2.253295	-2.843816	2.609410	-1.473420	-0.743989	-0.058746	-0.720389	-0.010475	0.690999
64986	-8.567660	0.843786	-4.727676	4.474808	0.250638	-1.073288	-0.075515	-0.717980	-0.029110	0.691342
64987	-8.675652	0.097128	-4.540607	4.195576	1.156818	-1.040558	-0.089343	-0.715969	-0.045014	0.690927
64988	-8.885043	-0.545809	-3.702808	3.233055	1.781452	-0.906194	-0.100356	-0.713625	-0.057379	0.690924
64989	-8.794101	-0.438472	-2.729068	2.294081	1.543793	-1.018944	-0.109437	-0.711354	-0.067671	0.690955
64990	-8.778126	-0.243379	-2.554667	2.159996	1.357351	-1.030151	-0.117202	-0.709901	-0.077464	0.690148
64991	-8.419479	0.358258	-2.293726	2.057372	0.717492	-1.355175	-0.124290	-0.709168	-0.087144	0.688505
64992	-8.138181	0.453678	-4.152086	3.836838	1.181880	-1.593388	-0.131370	-0.709451	-0.096938	0.685583
64993	-7.669020	-0.223651	-4.015082	3.439836	1.810766	-2.074956	-0.137215	-0.711210	-0.105325	0.681366
64994	-8.413801	-0.863584	-2.908069	2.036249	2.100311	-1.360747	-0.143834	-0.713973	-0.114973	0.675526
64995	-8.425768	-0.454026	-3.551223	2.636463	1.940898	-1.263364	-0.148959	-0.717479	-0.123270	0.669208
64996	-8.681131	0.578682	-3.514538	2.804397	0.967877	-0.910734	-0.154141	-0.722373	-0.131892	0.661077
64997	-9.048139	0.026211	-4.190560	2.987631	1.746753	-0.461283	-0.162272	-0.726855	-0.143928	0.651639
64998	-9.755518	-1.577827	-3.191297	1.095486	2.773102	0.134483	-0.170463	-0.731842	-0.157253	0.640797
64999	-10.879854	-3.295914	-1.294723	-1.788773	3.351851	0.979213	-0.176274	-0.737473	-0.168614	0.629786
65000	-12.047211	-3.575105	-0.523929	-3.044289	3.048822	2.003428	-0.177127	-0.743318	-0.174394	0.621041
65001	-13.083969	-0.912719	0.745033	-3.270044	-0.064140	2.910440	-0.170544	-0.749144	-0.172249	0.616464
65002	-13.710113	3.370476	4.141273	-4.591264	-5.486179	3.043942	-0.160623	-0.754925	-0.163843	0.614365
65003	-13.677320	3.854536	7.239461	-7.303006	-7.219434	2.388970	-0.157437	-0.757176	-0.160019	0.613427
65004	-11.229874	1.810240	4.520028	-5.340005	-4.072415	0.420457	-0.159168	-0.755749	-0.161025	0.614476
65005	-9.205143	0.763504	2.263013	-3.364409	-2.079264	-1.164224	-0.161972	-0.753633	-0.164318	0.615469
65006	-8.984460	0.131599	0.031569	-1.580688	-0.547650	-0.984320	-0.171882	-0.749607	-0.174846	0.614796
65007	-9.449920	-1.258430	-3.777212	0.997578	2.442912	0.096319	-0.183962	-0.744954	-0.188581	0.612893
65008	-9.214525	0.020804	-3.648104	1.548361	1.337390	-0.115768	-0.190818	-0.740809	-0.196728	0.613261
65009	-9.489117	-0.113545	-2.288439	0.321334	0.771567	-0.086716	-0.194048	-0.738378	-0.200676	0.613900
65010	-9.866219	-1.506745	-1.582221	-1.019684	1.578707	0.116245	-0.193521	-0.736949	-0.200368	0.615880
65011	-9.643513	-1.982336	-1.357355	-1.364396	1.881378	-0.149983	-0.190604	-0.735906	-0.199049	0.618460
65012	-9.711523	-0.846820	-1.509334	-0.599771	0.971222	-0.014442	-0.188390	-0.734942	-0.199547	0.620122
65013	-9.790195	0.409555	-1.696550	0.247941	-0.027533	0.128714	-0.188320	-0.733064	-0.201068	0.621872
65014	-9.797433	0.915656	-0.868005	-0.137005	-0.882806	0.025159	-0.191939	-0.730543	-0.204840	0.622500
65015	-9.865731	0.792228	-0.634959	-0.359833	-0.886686	0.058866	-0.198275	-0.727489	-0.210967	0.622046
65016	-9.765526	0.138751	-1.490264	0.037067	0.151042	0.065642	-0.206376	-0.724051	-0.219294	0.620540
65017	-9.574982	-0.394077	-1.723498	-0.045432	0.751019	-0.104963	-0.214735	-0.720699	-0.228132	0.618416
65018	-9.600124	-1.061310	-2.354773	0.046516	1.672242	-0.012940	-0.222703	-0.717394	-0.236710	0.616212
65019	-9.358560	-1.034486	-2.597207	0.258626	1.828335	-0.221622	-0.228772	-0.714452	-0.243081	0.614925
65020	-9.184977	-0.887757	-1.992432	-0.113793	1.369667	-0.472842	-0.234692	-0.711733	-0.248689	0.613604
65021	-9.433374	-0.777261	-1.241055	-0.657034	0.813557	-0.323783	-0.240302	-0.709251	-0.253210	0.612456
65022	-9.282438	-0.164735	-0.692649	-0.662366	0.020100	-0.526600	-0.245789	-0.707086	-0.257496	0.610993
65023	-9.617575	0.184038	-0.518420	-0.605952	-0.361142	-0.205255	-0.251624	-0.705090	-0.262142	0.608945
65024	-9.888508	0.172527	-0.556356	-0.623889	-0.326812	0.067890	-0.257774	-0.702977	-0.266843	0.606771
65025	-9.837361	0.537004	-0.536470	-0.389540	-0.583675	0.028928	-0.264628	-0.700467	-0.272222	0.604329
65026	-9.550420	0.988480	-0.519757	-0.055092	-0.874965	-0.237246	-0.272155	-0.697716	-0.277825	0.601613
65027	-9.736899	0.582159	-0.367771	-0.473126	-0.673725	-0.086252	-0.280527	-0.694753	-0.283962	0.598321
65028	-9.631806	-0.443371	-0.721041	-0.979295	0.316250	-0.198685	-0.289945	-0.691115	-0.291350	0.594480
65029	-9.475872	-1.593652	-1.856489	-1.116342	1.947440	-0.286981	-0.300335	-0.687140	-0.299537	0.589843
65030	-10.097234	-1.970546	-2.029293	-1.461214	2.292309	0.314723	-0.310299	-0.683619	-0.307405	0.584706
65031	-10.103878	-1.385332	-1.772765	-1.263273	1.726194	0.315191	-0.320266	-0.679896	-0.314864	0.579683
65032	-9.834309	-0.540959	-0.869562	-1.162006	0.528116	-0.007940	-0.329840	-0.675700	-0.321327	0.575660
65033	-9.317814	0.165077	-1.071217	-0.439759	0.340407	-0.448557	-0.339773	-0.670718	-0.328164	0.571840
65034	-9.355764	0.559694	-1.057339	-0.144517	0.151915	-0.383085	-0.348399	-0.666176	-0.334392	0.568339
65035	-9.779410	0.896851	-0.567726	-0.180961	-0.415755	0.013694	-0.356290	-0.661655	-0.340348	0.565185
65036	-10.201186	1.399250	-0.374970	0.105430	-0.814551	0.458041	-0.363880	-0.657061	-0.346233	0.562125
65037	-10.957212	1.599897	-0.187809	0.117518	-1.053569	1.211434	-0.370548	-0.652468	-0.351193	0.560038
65038	-10.821306	1.936392	0.671158	0.056951	-1.893873	1.036737	-0.376186	-0.648034	-0.354113	0.559589
65039	-10.180942	2.202416	0.752864	0.387758	-1.990528	0.432092	-0.382247	-0.642903	-0.357413	0.559302
65040	-9.580175	2.253484	0.208155	0.813250	-1.433451	-0.107826	-0.388326	-0.637679	-0.361397	0.558534
65041	-9.364451	2.420200	-0.012036	1.137577	-1.232875	-0.287153	-0.394108	-0.632709	-0.365943	0.557174
65042	-9.343305	2.844119	-0.291351	1.691704	-1.091111	-0.251403	-0.400339	-0.627300	-0.371413	0.555225
65043	-8.977628	3.169071	-0.887459	2.319263	-0.585675	-0.554972	-0.408687	-0.620309	-0.379207	0.551719
65044	-9.076597	2.824717	-1.443194	2.244112	0.172471	-0.464990	-0.418978	-0.611806	-0.389372	0.546388
65045	-9.228904	2.476045	-0.935714	1.755814	-0.057009	-0.373857	-0.431150	-0.601501	-0.401163	0.539791
65046	-9.601348	2.148748	-0.182246	1.221167	-0.545305	-0.063533	-0.445670	-0.589179	-0.414497	0.531450
65047	-10.453093	1.198760	-0.179364	0.286580	-0.190430	0.704781	-0.461135	-0.575180	-0.429385	0.521681
65048	-10.704027	0.958305	0.146964	0.015503	-0.370941	0.928700	-0.473966	-0.562682	-0.440746	0.514284
65049	-9.917457	1.456323	0.373566	0.578899	-0.579832	0.184508	-0.484208	-0.552824	-0.447754	0.509357
65050	-9.443317	2.262986	-0.225357	1.523073	0.009973	-0.219608	-0.492350	-0.545056	-0.452615	0.505614
65051	-8.552145	2.899462	-1.115261	2.326929	0.922538	-1.064935	-0.500049	-0.537505	-0.458225	0.501069
65052	-8.603049	1.841220	-2.703356	1.381089	2.681195	-1.117059	-0.507264	-0.529936	-0.466515	0.494181
65053	-8.671972	0.569676	-3.646322	0.097636	3.718012	-1.153034	-0.513209	-0.522469	-0.475894	0.486999
65054	-8.549990	-0.510313	-3.554864	-1.044102	3.621698	-1.339654	-0.518061	-0.515224	-0.485597	0.479950
65055	-8.599707	-1.104970	-3.650645	-1.695648	3.643635	-1.306756	-0.521484	-0.509018	-0.494945	0.473269
65056	-8.568726	-0.761507	-3.057722	-1.369247	2.976878	-1.291216	-0.523437	-0.504408	-0.502433	0.468131
65057	-8.256062	0.165823	-3.116973	-0.444426	3.014712	-1.529011	-0.524720	-0.501108	-0.508549	0.463613
65058	-8.141725	0.775810	-2.702147	0.182008	2.577622	-1.596028	-0.524252	-0.500450	-0.513255	0.459651
65059	-8.645727	0.711093	-1.579235	0.156818	1.358505	-1.101933	-0.524170	-0.499915	-0.519398	0.453384
65060	-9.143923	0.688898	-2.984657	-0.026787	2.628237	-0.534527	-0.524648	-0.498595	-0.526908	0.445550
65061	-9.484517	1.083317	-3.412541	0.274183	2.924473	-0.109881	-0.522833	-0.499204	-0.535085	0.437179
65062	-10.406278	1.821595	-2.323220	1.074455	1.676424	0.819258	-0.520762	-0.499085	-0.544298	0.428322
65063	-10.821260	1.072180	-1.887317	0.387566	0.920218	1.178704	-0.518672	-0.498186	-0.553913	0.419488
65064	-11.608338	0.836829	0.256781	0.478456	-1.512295	1.719874	-0.515193	-0.499573	-0.560869	0.412830
65065	-12.795011	0.412308	2.298660	0.385480	-3.932180	2.578905	-0.511780	-0.501706	-0.566215	0.407152
65066	-12.957450	-0.116288	4.230457	0.199092	-6.091861	2.379667	-0.509294	-0.503856	-0.569031	0.403675
65067	-10.996323	0.070156	3.876786	0.384288	-5.491161	0.466074	-0.509272	-0.504480	-0.569354	0.402464
65068	-10.206537	0.108380	2.331699	0.188700	-3.850674	-0.078285	-0.512073	-0.502459	-0.569677	0.400979
65069	-8.723697	-0.178494	-0.968177	-0.610314	-0.409676	-1.064455	-0.516058	-0.498301	-0.570310	0.400159
65070	-8.824587	0.274794	-2.896659	-0.517696	1.569200	-0.668889	-0.518694	-0.493971	-0.572901	0.398413
65071	-8.883283	0.447700	-2.956485	-0.360211	1.655772	-0.594087	-0.519858	-0.490596	-0.576361	0.396070
65072	-9.640349	-0.209813	-1.940595	-0.810567	0.416363	-0.019025	-0.519478	-0.490146	-0.577637	0.395265
65073	-9.887738	-0.149819	-1.391173	-0.640269	-0.149104	0.151900	-0.518096	-0.492047	-0.576037	0.397049
65074	-9.763963	-0.214729	-1.453606	-0.703717	-0.074316	0.035829	-0.515103	-0.495188	-0.573381	0.400864
65075	-9.664900	-0.301096	-0.729558	-0.629407	-0.779782	-0.167539	-0.510629	-0.498664	-0.571640	0.404746
65076	-9.914456	-1.024872	-0.804346	-1.325611	-0.879749	0.059618	-0.507914	-0.499710	-0.572219	0.406052
65077	-9.716545	-1.553263	-1.777631	-1.968710	-0.001655	-0.009223	-0.506264	-0.499955	-0.572938	0.406797
65078	-9.773685	-0.660333	-1.092645	-0.950541	-0.550777	-0.017389	-0.504135	-0.501183	-0.572823	0.408090
65079	-9.985746	0.675686	-0.101857	0.542401	-1.356414	0.089229	-0.502637	-0.501831	-0.572659	0.409370
65080	-9.577656	1.139293	0.097681	1.056125	-1.422273	-0.331089	-0.502228	-0.500998	-0.573676	0.409468
65081	-9.589366	0.601353	-0.167195	0.508608	-1.248906	-0.298119	-0.504359	-0.497262	-0.577412	0.406136
65082	-9.481383	-1.020152	-1.634586	-1.317303	-0.086673	-0.227997	-0.506793	-0.493172	-0.581530	0.402200
65083	-9.348828	-0.906352	-0.978003	-1.078667	-0.709000	-0.457886	-0.509182	-0.489770	-0.584672	0.398771
65084	-9.284612	-0.721091	-1.090897	-0.920026	-0.571944	-0.499232	-0.512147	-0.486468	-0.587437	0.394934
65085	-9.453153	0.117372	-0.693036	-0.031734	-0.822551	-0.369248	-0.515068	-0.483963	-0.589378	0.391304
65086	-9.703133	0.177385	-0.824005	-0.025588	-0.732541	-0.100639	-0.518596	-0.481003	-0.591964	0.386359
65087	-10.196949	-0.778431	-1.068692	-1.038776	-0.824512	0.383720	-0.521693	-0.478100	-0.595140	0.380874
65088	-10.740825	-0.668395	-0.884757	-0.903398	-1.103116	0.890666	-0.523920	-0.475547	-0.597851	0.376745
65089	-10.794938	-0.482864	-0.995176	-0.754053	-0.991942	0.966996	-0.525384	-0.473320	-0.600384	0.373467
65090	-11.032616	-0.215538	-0.571611	-0.378299	-1.380529	1.143718	-0.526831	-0.471131	-0.602051	0.371510
65091	-10.082343	0.764652	-0.228460	0.662350	-1.265126	0.199864	-0.528679	-0.469026	-0.602358	0.371049
65092	-9.098127	1.626733	-0.604464	1.378664	-0.467660	-0.665670	-0.531465	-0.466340	-0.602471	0.370270
65093	-8.589216	1.384386	-1.048236	0.999572	0.015026	-1.106922	-0.534857	-0.463518	-0.602448	0.368965
65094	-8.614668	0.478360	-1.715071	-0.094958	0.422635	-1.026622	-0.538965	-0.459875	-0.603125	0.366432
65095	-8.987729	-0.315694	-2.451265	-1.116423	0.848857	-0.597454	-0.542956	-0.455894	-0.604455	0.363310
65096	-9.579078	-0.542478	-3.051773	-1.561581	1.262777	0.053067	-0.545643	-0.453033	-0.605682	0.360809
65097	-9.891702	-0.027190	-2.674706	-0.977472	1.028902	0.335537	-0.546615	-0.452106	-0.606064	0.359859
65098	-9.706632	0.713754	-2.335488	-0.172700	0.978173	0.147032	-0.546536	-0.452520	-0.605677	0.360110
65099	-9.393755	1.429125	-2.100726	0.581962	1.031264	-0.153708	-0.545871	-0.453823	-0.604798	0.360955
65100	-9.355460	1.780820	-1.741520	1.030264	0.802002	-0.219764	-0.545025	-0.455524	-0.603804	0.361755
65101	-9.358029	1.677239	-1.531697	0.992581	0.559970	-0.250621	-0.544742	-0.456722	-0.603093	0.361857
65102	-9.361398	1.097655	-1.513251	0.437740	0.349839	-0.282917	-0.544487	-0.457828	-0.602632	0.361610
65103	-9.498075	0.668384	-1.206801	0.114587	-0.108041	-0.216246	-0.543951	-0.459096	-0.602349	0.361282
65104	-9.628470	0.271971	-1.363847	-0.319215	-0.123353	-0.090326	-0.542983	-0.460676	-0.602042	0.361237
65105	-9.731979	0.159375	-1.252312	-0.394514	-0.302103	-0.011762	-0.541648	-0.462420	-0.601764	0.361477
65106	-9.816607	0.253308	-1.142871	-0.270626	-0.413777	0.061096	-0.540300	-0.464066	-0.601489	0.361844
65107	-9.748688	0.661515	-0.952329	0.180145	-0.481408	-0.008748	-0.539249	-0.465324	-0.601252	0.362188
65108	-9.751880	1.018014	-0.957886	0.518276	-0.385404	0.017669	-0.538989	-0.465840	-0.601161	0.362062
65109	-9.746928	0.983717	-0.585929	0.591737	-0.749431	-0.045302	-0.539364	-0.465777	-0.601106	0.361677
65110	-9.782159	0.654652	-0.569055	0.274098	-0.863697	-0.034042	-0.540272	-0.465108	-0.601205	0.361017
65111	-9.814250	0.476738	-0.638071	0.076368	-0.849227	-0.003156	-0.540837	-0.464635	-0.601219	0.360757
65112	-9.920690	0.476922	-0.710891	0.049090	-0.789916	0.113365	-0.541195	-0.464312	-0.601093	0.360846
65113	-9.931663	0.420600	-1.127795	-0.132981	-0.405634	0.182537	-0.541340	-0.464231	-0.600684	0.361414
65114	-9.849728	0.590913	-1.009587	0.067143	-0.440485	0.096250	-0.541382	-0.464181	-0.600212	0.362197
65115	-9.642169	0.478695	-1.243996	-0.105488	-0.203960	-0.081534	-0.541617	-0.463932	-0.599682	0.363043
65116	-9.466035	0.506828	-1.524749	-0.158204	0.115537	-0.213253	-0.541717	-0.463826	-0.599011	0.364135
65117	-9.455924	0.737335	-1.530861	0.062814	0.208970	-0.207789	-0.541595	-0.464048	-0.598156	0.365437
65118	-9.404911	0.764490	-1.539727	0.089460	0.248229	-0.255600	-0.541414	-0.464424	-0.597331	0.366574
65119	-9.410374	0.659222	-1.716177	-0.062256	0.394556	-0.232739	-0.541406	-0.464538	-0.596897	0.367150
65120	-9.520921	0.654927	-1.764395	-0.081506	0.429962	-0.117408	-0.541339	-0.464607	-0.596589	0.367660
65121	-9.548487	0.769068	-1.836423	0.009589	0.531869	-0.073357	-0.541060	-0.464787	-0.596369	0.368201
65122	-9.598907	0.869910	-1.660348	0.161690	0.386881	-0.041470	-0.540542	-0.465272	-0.596145	0.368711
65123	-9.586766	0.757820	-1.508524	0.103892	0.210048	-0.081239	-0.539938	-0.465908	-0.595840	0.369286
65124	-9.525833	0.869887	-1.554772	0.204578	0.291833	-0.128241	-0.539360	-0.466438	-0.595563	0.369907
65125	-9.535162	0.942554	-1.650471	0.252814	0.397830	-0.101375	-0.538656	-0.467159	-0.595259	0.370512
65126	-9.685736	0.730185	-1.411033	0.119132	0.083131	0.001412	-0.538011	-0.467902	-0.594968	0.370978
65127	-9.736878	0.468047	-1.523746	-0.161290	0.104925	0.051928	-0.537358	-0.468654	-0.594593	0.371576
65128	-9.615991	0.518631	-1.451509	-0.085441	0.065232	-0.074537	-0.536516	-0.469597	-0.594033	0.372497
65129	-9.553463	0.707861	-1.400142	0.117822	0.074569	-0.132260	-0.535723	-0.470405	-0.593553	0.373383
65130	-9.684871	0.836843	-1.410053	0.242945	0.095133	0.006539	-0.535034	-0.471081	-0.593250	0.373999
65131	-9.787833	0.728052	-1.438802	0.134105	0.074473	0.105899	-0.534461	-0.471621	-0.592967	0.374587
65132	-9.611316	0.757802	-1.427744	0.175167	0.096161	-0.068449	-0.533729	-0.472299	-0.592598	0.375358
65133	-9.401120	0.804380	-1.525556	0.203814	0.230347	-0.259636	-0.532964	-0.473150	-0.592114	0.376137
65134	-9.590930	0.698101	-1.587802	0.085237	0.229935	-0.069266	-0.532403	-0.473902	-0.591640	0.376731
65135	-9.756266	0.435788	-1.694917	-0.197351	0.238104	0.094469	-0.532064	-0.474388	-0.591293	0.377143
65136	-9.649275	0.495021	-1.673191	-0.130106	0.248136	-0.010921	-0.531488	-0.475048	-0.590844	0.377826
65137	-9.419380	0.775390	-1.450933	0.207229	0.139347	-0.253986	-0.530732	-0.475811	-0.590434	0.378570
65138	-9.357777	0.944667	-1.557270	0.350240	0.288280	-0.290098	-0.530139	-0.476391	-0.590200	0.379036
65139	-9.585030	0.894975	-1.654035	0.277380	0.328368	-0.054366	-0.529729	-0.476837	-0.590073	0.379246
65140	-9.818932	0.614881	-1.657167	0.002312	0.221318	0.161615	-0.529546	-0.477113	-0.590028	0.379223
65141	-9.637930	0.561722	-1.724547	-0.062767	0.296347	-0.010262	-0.529318	-0.477388	-0.589984	0.379266
65142	-9.484169	0.827328	-1.684592	0.208588	0.340231	-0.152848	-0.528838	-0.477895	-0.589995	0.379280
65143	-9.364082	0.669696	-1.824740	0.024642	0.444373	-0.259358	-0.528404	-0.478437	-0.589999	0.379193
65144	-9.526246	0.437196	-1.854087	-0.210364	0.379842	-0.107554	-0.527882	-0.479148	-0.589878	0.379211
65145	-9.612026	0.496978	-1.710395	-0.117959	0.231521	-0.040485	-0.527311	-0.479865	-0.589827	0.379179
65146	-9.723025	0.458742	-1.478840	-0.099097	-0.030991	0.032302	-0.526629	-0.480696	-0.589786	0.379138
65147	-9.610315	0.510366	-1.383171	-0.022713	-0.106812	-0.090555	-0.526018	-0.481428	-0.589801	0.379035
65148	-9.535855	0.508474	-1.501299	-0.051187	0.003060	-0.146131	-0.525315	-0.482273	-0.589764	0.378992
65149	-9.504259	0.527669	-1.574402	-0.048771	0.068451	-0.164836	-0.524597	-0.483185	-0.589589	0.379097
65150	-9.553780	0.572718	-1.428844	0.028831	-0.083389	-0.136092	-0.523797	-0.484313	-0.589331	0.379165
65151	-9.754920	0.357690	-1.398236	-0.178896	-0.211109	0.044537	-0.523185	-0.485307	-0.589040	0.379193
65152	-9.733087	0.347205	-1.362975	-0.183132	-0.254747	0.016494	-0.522525	-0.486317	-0.588581	0.379521
65153	-9.699170	0.529778	-1.265960	0.016578	-0.310009	-0.021833	-0.521786	-0.487306	-0.588189	0.379875
65154	-9.669638	0.607358	-1.365648	0.069383	-0.201220	-0.030537	-0.521124	-0.488198	-0.587801	0.380239
65155	-9.608275	0.627841	-1.333775	0.096986	-0.223866	-0.095046	-0.520694	-0.488894	-0.587440	0.380493
65156	-9.763611	0.648061	-1.257943	0.128441	-0.323476	0.046794	-0.520507	-0.489282	-0.587234	0.380568
65157	-9.834002	0.720469	-1.326464	0.179312	-0.254007	0.131633	-0.520697	-0.489185	-0.587167	0.380535
65158	-9.779602	0.800192	-1.487690	0.220442	-0.068569	0.109049	-0.520766	-0.489136	-0.587020	0.380732
65159	-9.663008	0.877923	-1.408612	0.316132	-0.102377	-0.013798	-0.520816	-0.489173	-0.586742	0.381045
65160	-9.624326	0.633810	-1.357154	0.089221	-0.192255	-0.074807	-0.520964	-0.489178	-0.586395	0.381369
65161	-9.604000	0.529421	-1.353934	-0.013407	-0.206352	-0.101483	-0.521240	-0.489023	-0.586100	0.381644
65162	-9.641981	0.622700	-1.411701	0.061657	-0.127746	-0.049064	-0.521575	-0.488700	-0.586005	0.381746
65163	-9.642996	0.677305	-1.658351	0.057726	0.129610	-0.005745	-0.522000	-0.488242	-0.586009	0.381744
65164	-9.624615	0.587317	-1.810220	-0.066191	0.268161	-0.005611	-0.522425	-0.487848	-0.585897	0.381838
65165	-9.539569	0.537915	-1.624264	-0.071318	0.102121	-0.121689	-0.522491	-0.487899	-0.585473	0.382334
65166	-9.631428	0.608426	-1.352929	0.057225	-0.149256	-0.068999	-0.522458	-0.487940	-0.585072	0.382939
65167	-9.603292	0.689255	-1.351128	0.138297	-0.120064	-0.092076	-0.522542	-0.487833	-0.584816	0.383353
65168	-9.635918	0.377593	-1.470977	-0.193093	-0.069544	-0.059988	-0.522719	-0.487753	-0.584504	0.383689
65169	-9.823532	0.213305	-1.286991	-0.317528	-0.301416	0.087410	-0.522819	-0.487814	-0.583867	0.384444
65170	-9.643392	0.397908	-1.491273	-0.180424	-0.018113	-0.048245	-0.522977	-0.487899	-0.582920	0.385556
65171	-9.545969	0.551139	-1.353516	0.001451	-0.086332	-0.155886	-0.522945	-0.488001	-0.582364	0.386311
65172	-9.686887	0.915468	-1.482674	0.327081	0.107608	0.023654	-0.523041	-0.487809	-0.581866	0.387172
65173	-9.583603	1.033751	-1.615389	0.420179	0.294096	-0.052539	-0.523014	-0.487765	-0.581146	0.388344
65174	-9.574859	1.165120	-1.128839	0.658853	-0.130833	-0.124629	-0.522725	-0.488074	-0.580302	0.389605
65175	-9.611324	0.918020	-1.097256	0.426749	-0.207491	-0.107065	-0.522569	-0.488231	-0.579771	0.390407
65176	-9.486415	0.863894	-1.158753	0.365149	-0.133918	-0.224683	-0.522877	-0.487792	-0.580006	0.390194
65177	-9.543128	0.430527	-1.406569	-0.112771	0.009513	-0.157519	-0.523436	-0.487046	-0.580538	0.389585
65178	-9.600645	0.262391	-1.462330	-0.291976	0.021305	-0.102181	-0.524099	-0.486219	-0.581080	0.388918
65179	-9.558789	0.278909	-1.534548	-0.293404	0.103666	-0.132489	-0.524724	-0.485523	-0.581449	0.388393
65180	-9.580612	0.344902	-1.497798	-0.224546	0.083322	-0.112527	-0.525281	-0.484944	-0.581693	0.387998
65181	-9.596905	0.231521	-1.656073	-0.372214	0.212970	-0.080634	-0.525350	-0.484878	-0.581584	0.388150
65182	-9.706573	0.472772	-1.264503	-0.051583	-0.126436	-0.013637	-0.525019	-0.485251	-0.581262	0.388614
65183	-9.674027	0.636412	-1.201563	0.124292	-0.145412	-0.045447	-0.524767	-0.485545	-0.580935	0.389077
65184	-9.631019	0.667379	-1.303758	0.134604	-0.032577	-0.071921	-0.524613	-0.485667	-0.580840	0.389274
65185	-9.638628	0.675896	-1.298672	0.144833	-0.036612	-0.064650	-0.524557	-0.485730	-0.580782	0.389357
65186	-9.577908	0.641359	-1.271273	0.118030	-0.060040	-0.130422	-0.524792	-0.485508	-0.580839	0.389232
65187	-9.620144	0.506595	-1.327437	-0.029428	-0.037568	-0.088305	-0.525340	-0.484987	-0.581057	0.388817
65188	-9.705697	0.445562	-1.258522	-0.079071	-0.125662	-0.016723	-0.525664	-0.484729	-0.581064	0.388690
65189	-9.726966	0.459317	-1.302003	-0.077527	-0.079686	0.011145	-0.525853	-0.484534	-0.581036	0.388719
65190	-9.611501	0.543736	-1.270344	0.014241	-0.070975	-0.102634	-0.525998	-0.484354	-0.581041	0.388740
65191	-9.631556	0.585936	-1.232650	0.063425	-0.097922	-0.085611	-0.526172	-0.484102	-0.581125	0.388693
65192	-9.594214	0.635379	-1.171912	0.126360	-0.136551	-0.128090	-0.526426	-0.483779	-0.581212	0.388620
65193	-9.655197	0.560913	-1.220040	0.041009	-0.111405	-0.065285	-0.526786	-0.483346	-0.581417	0.388365
65194	-9.704743	0.557261	-1.205598	0.038492	-0.129714	-0.018416	-0.527116	-0.482962	-0.581553	0.388191
65195	-9.664411	0.608008	-1.237492	0.080756	-0.077374	-0.051059	-0.527419	-0.482613	-0.581635	0.388092
65196	-9.677831	0.569342	-1.188442	0.052119	-0.130056	-0.046556	-0.527902	-0.482131	-0.581767	0.387835
65197	-9.629661	0.504194	-1.249288	-0.026706	-0.073235	-0.089559	-0.528461	-0.481536	-0.581990	0.387478
65198	-9.605883	0.494527	-1.361597	-0.064095	0.041018	-0.098487	-0.528912	-0.481048	-0.582191	0.387168
65199	-9.583293	0.573342	-1.423611	-0.003053	0.125410	-0.108093	-0.529268	-0.480632	-0.582384	0.386908
65200	-9.600061	0.511851	-1.502933	-0.083699	0.188583	-0.084408	-0.529648	-0.480242	-0.582550	0.386621
65201	-9.606206	0.562796	-1.302282	0.010852	0.008088	-0.102296	-0.529802	-0.480084	-0.582632	0.386484
65202	-9.590964	0.595064	-1.304222	0.041084	0.020001	-0.115286	-0.529912	-0.479979	-0.582704	0.386355
65203	-9.587730	0.603607	-1.221064	0.067963	-0.058050	-0.129098	-0.529980	-0.479935	-0.582781	0.386199
65204	-9.642454	0.648625	-1.258276	0.099726	-0.020651	-0.067406	-0.530246	-0.479709	-0.582958	0.385847
65205	-9.618274	0.573578	-1.429510	-0.015882	0.129850	-0.072740	-0.530480	-0.479548	-0.583083	0.385537
65206	-9.608721	0.597667	-1.423453	0.006650	0.130440	-0.081609	-0.530560	-0.479537	-0.583096	0.385421
65207	-9.582821	0.561168	-1.403536	-0.025141	0.104488	-0.111980	-0.530536	-0.479625	-0.583153	0.385258
65208	-9.614958	0.556226	-1.436889	-0.039447	0.126972	-0.075964	-0.530503	-0.479663	-0.583285	0.385058
65209	-9.600250	0.623898	-1.403185	0.033856	0.109357	-0.091069	-0.530391	-0.479858	-0.583231	0.385051
65210	-9.603242	0.718577	-1.399196	0.126239	0.123647	-0.083087	-0.530273	-0.480035	-0.583226	0.385000
65211	-9.624373	0.725521	-1.313185	0.152597	0.035746	-0.073343	-0.530056	-0.480323	-0.583152	0.385051
65212	-9.684641	0.649347	-1.300932	0.079656	-0.006160	-0.019834	-0.530069	-0.480332	-0.583283	0.384822
65213	-9.669095	0.614999	-1.360087	0.031238	0.041886	-0.029195	-0.530207	-0.480195	-0.583498	0.384477
65214	-9.646469	0.687542	-1.290246	0.116839	-0.007606	-0.056761	-0.530320	-0.480138	-0.583610	0.384222
65215	-9.628211	0.651003	-1.373852	0.060702	0.064144	-0.065590	-0.530345	-0.480126	-0.583750	0.383991
65216	-9.577148	0.508376	-1.386596	-0.080041	0.046957	-0.122783	-0.530156	-0.480342	-0.583768	0.383954
65217	-9.633367	0.472452	-1.275951	-0.089648	-0.080438	-0.084455	-0.530022	-0.480500	-0.583818	0.383867
65218	-9.661099	0.564897	-1.266023	0.002101	-0.075923	-0.052923	-0.529923	-0.480597	-0.583844	0.383842
65219	-9.672884	0.665149	-1.185178	0.118464	-0.134363	-0.046436	-0.529895	-0.480636	-0.583880	0.383778
65220	-9.678193	0.711698	-1.234615	0.151691	-0.077636	-0.031625	-0.529859	-0.480689	-0.583852	0.383803
65221	-9.669952	0.715337	-1.201398	0.162709	-0.107449	-0.044114	-0.529891	-0.480711	-0.583818	0.383783
65222	-9.653629	0.630127	-1.339174	0.046877	0.007124	-0.046380	-0.529968	-0.480594	-0.583943	0.383632
65223	-9.648869	0.606519	-1.364195	0.018178	0.026076	-0.049053	-0.530044	-0.480479	-0.584047	0.383514
65224	-9.640106	0.502696	-1.355869	-0.080566	-0.004904	-0.065061	-0.530083	-0.480422	-0.584082	0.383478
65225	-9.635104	0.560721	-1.284745	-0.006996	-0.058943	-0.076328	-0.530043	-0.480465	-0.584052	0.383525
65226	-9.606496	0.576958	-1.343549	-0.004488	0.006815	-0.095553	-0.530061	-0.480462	-0.583974	0.383622
65227	-9.616013	0.606655	-1.338957	0.025122	0.009367	-0.085004	-0.530090	-0.480450	-0.583929	0.383666
65228	-9.654100	0.619227	-1.276255	0.050723	-0.052454	-0.055198	-0.530180	-0.480395	-0.583910	0.383639
65229	-9.648104	0.628742	-1.285224	0.057299	-0.039728	-0.059321	-0.530221	-0.480356	-0.583904	0.383640
65230	-9.688360	0.603647	-1.169343	0.059683	-0.162971	-0.036903	-0.530143	-0.480424	-0.583880	0.383700
65231	-9.623349	0.626855	-1.293655	0.054558	-0.028207	-0.082757	-0.530144	-0.480406	-0.583872	0.383733
65232	-9.594748	0.642629	-1.352623	0.057279	0.037256	-0.102019	-0.530163	-0.480339	-0.583891	0.383762
65233	-9.628324	0.631422	-1.313150	0.055331	-0.006833	-0.074897	-0.530248	-0.480237	-0.583897	0.383763
65234	-9.651960	0.579624	-1.387331	-0.013866	0.051081	-0.044464	-0.530430	-0.480062	-0.583911	0.383708
65235	-9.657568	0.529281	-1.348230	-0.053966	0.003814	-0.047261	-0.530439	-0.480052	-0.583812	0.383859
65236	-9.625941	0.639057	-1.293443	0.067442	-0.016156	-0.079480	-0.530346	-0.480126	-0.583660	0.384127
65237	-9.602511	0.662564	-1.369352	0.073442	0.068355	-0.090945	-0.530362	-0.480098	-0.583591	0.384244
65238	-9.649281	0.722923	-1.328155	0.141398	0.038010	-0.046737	-0.530451	-0.479948	-0.583622	0.384261
65239	-9.641236	0.825310	-1.444953	0.213159	0.179146	-0.032865	-0.530732	-0.479589	-0.583711	0.384186
65240	-9.596038	0.800119	-1.511434	0.173521	0.248537	-0.070168	-0.531035	-0.479181	-0.583858	0.384053
65241	-9.562072	0.783504	-1.478291	0.165762	0.221712	-0.109296	-0.531331	-0.478774	-0.584057	0.383849
65242	-9.526603	0.717817	-1.528100	0.090771	0.261079	-0.141590	-0.531486	-0.478522	-0.584237	0.383676
65243	-9.560400	0.635083	-1.475911	0.022597	0.185989	-0.120021	-0.531622	-0.478266	-0.584537	0.383349
65244	-9.643644	0.564766	-1.594177	-0.077020	0.268616	-0.025853	-0.531769	-0.478066	-0.584791	0.383007
65245	-9.587050	0.495155	-1.492751	-0.118088	0.159804	-0.099525	-0.531685	-0.478091	-0.584940	0.382865
65246	-9.502868	0.505787	-1.328520	-0.063946	0.011558	-0.204302	-0.531386	-0.478313	-0.585064	0.382813
65247	-9.476482	0.452074	-1.356386	-0.119472	0.021895	-0.229729	-0.531103	-0.478452	-0.585359	0.382581
65248	-9.656644	0.400994	-1.154497	-0.120484	-0.220336	-0.082253	-0.530805	-0.478563	-0.585752	0.382254
65249	-9.761809	0.264012	-1.175898	-0.258431	-0.257055	0.016478	-0.530694	-0.478557	-0.586095	0.381890
65250	-9.727668	0.215599	-1.168225	-0.301375	-0.278098	-0.021335	-0.530306	-0.479012	-0.586000	0.382003
65251	-9.669068	0.240983	-0.957020	-0.223729	-0.472170	-0.107440	-0.529803	-0.479711	-0.585714	0.382263
65252	-9.626035	0.035521	-1.104929	-0.459639	-0.379165	-0.141718	-0.529264	-0.480552	-0.585352	0.382508
65253	-9.591391	0.004068	-1.275184	-0.531634	-0.223347	-0.154096	-0.528557	-0.481593	-0.584725	0.383136
65254	-9.641436	-0.030977	-1.282066	-0.569858	-0.235298	-0.105894	-0.527545	-0.483103	-0.583676	0.384228
65255	-9.609626	0.067384	-1.273095	-0.472152	-0.218856	-0.132842	-0.526289	-0.484897	-0.582392	0.385634
65256	-9.605928	0.065168	-1.302878	-0.481544	-0.193736	-0.132492	-0.524705	-0.487130	-0.580909	0.387212
65257	-9.640996	0.100031	-1.342517	-0.457416	-0.157724	-0.090185	-0.522881	-0.489677	-0.579095	0.389179
65258	-9.628252	0.335333	-1.390337	-0.236322	-0.064847	-0.081878	-0.520851	-0.492470	-0.577005	0.391477
65259	-9.609185	0.632989	-1.441047	0.047913	0.039847	-0.075653	-0.518737	-0.495306	-0.574926	0.393756
65260	-9.572958	0.796817	-1.418303	0.216289	0.044562	-0.104997	-0.516720	-0.498072	-0.572953	0.395790
65261	-9.614286	0.861737	-1.533365	0.259215	0.148717	-0.043401	-0.514742	-0.500726	-0.571171	0.397590
65262	-9.676531	0.791301	-1.615592	0.176904	0.193289	0.026157	-0.512628	-0.503437	-0.569308	0.399565
65263	-9.656516	0.902583	-1.456390	0.318938	0.046731	-0.010641	-0.510501	-0.506083	-0.567411	0.401639
65264	-9.590240	0.986429	-1.364626	0.422575	-0.031494	-0.084976	-0.508617	-0.508434	-0.565713	0.403451
65265	-9.607071	1.010914	-1.342694	0.452177	-0.064421	-0.070410	-0.506958	-0.510494	-0.564312	0.404896
65266	-9.651204	0.966873	-1.449959	0.393382	0.014959	-0.013301	-0.505603	-0.512160	-0.563230	0.405993
65267	-9.638743	0.840782	-1.505886	0.262610	0.044920	-0.024481	-0.504458	-0.513611	-0.562224	0.406976
65268	-9.577487	0.880472	-1.437980	0.314949	-0.014696	-0.093024	-0.503317	-0.515016	-0.561262	0.407940
65269	-9.605735	0.795254	-1.434701	0.230492	-0.040975	-0.070710	-0.502462	-0.516137	-0.560512	0.408607
65270	-9.595922	0.707666	-1.606744	0.122073	0.111836	-0.058882	-0.501563	-0.517290	-0.559695	0.409374
65271	-9.618325	0.704629	-1.564656	0.124273	0.060587	-0.043465	-0.500692	-0.518378	-0.558943	0.410091
65272	-9.547456	0.710532	-1.607943	0.128950	0.109459	-0.106214	-0.499892	-0.519329	-0.558303	0.410734
65273	-9.606951	0.723440	-1.574145	0.145156	0.062455	-0.052060	-0.499080	-0.520272	-0.557664	0.411397
65274	-9.593804	0.757567	-1.560863	0.183201	0.050641	-0.065116	-0.498318	-0.521131	-0.557030	0.412090
65275	-9.571393	0.814623	-1.542721	0.245311	0.037787	-0.086766	-0.497612	-0.521898	-0.556538	0.412638
65276	-9.551100	0.744466	-1.663147	0.165349	0.146715	-0.091837	-0.497049	-0.522511	-0.556192	0.413008
65277	-9.564233	0.744805	-1.654332	0.167507	0.131254	-0.080226	-0.496579	-0.523046	-0.555872	0.413325
65278	-9.594496	0.734046	-1.644448	0.157217	0.111523	-0.052553	-0.496268	-0.523427	-0.555677	0.413480
65279	-9.619438	0.658046	-1.731816	0.071701	0.182834	-0.018443	-0.496018	-0.523716	-0.555499	0.413653
65280	-9.577370	0.687560	-1.702980	0.107080	0.161685	-0.062749	-0.495602	-0.524122	-0.555269	0.413946
65281	-9.562767	0.741440	-1.562066	0.178348	0.027318	-0.096529	-0.495269	-0.524401	-0.555188	0.414101
65282	-9.589395	0.704263	-1.615662	0.135893	0.068297	-0.063856	-0.495148	-0.524497	-0.555248	0.414042
65283	-9.640721	0.761525	-1.535381	0.199773	-0.015822	-0.022863	-0.495166	-0.524407	-0.555408	0.413920
65284	-9.599695	0.717622	-1.592680	0.152279	0.042201	-0.056623	-0.495357	-0.524147	-0.555666	0.413675
65285	-9.623354	0.730147	-1.661714	0.156719	0.107523	-0.021506	-0.495507	-0.523919	-0.555846	0.413542
65286	-9.612355	0.790161	-1.447261	0.240109	-0.093780	-0.063337	-0.495635	-0.523714	-0.555977	0.413472
65287	-9.623252	0.582027	-1.594966	0.017787	0.030271	-0.040870	-0.496017	-0.523214	-0.556391	0.413089
65288	-9.650068	0.511123	-1.565953	-0.050520	-0.008412	-0.023171	-0.496406	-0.522700	-0.556816	0.412701
65289	-9.580728	0.591504	-1.556423	0.033106	0.003658	-0.088410	-0.496900	-0.522063	-0.557290	0.412272
65290	-9.628036	0.528991	-1.618697	-0.037563	0.052988	-0.035425	-0.497191	-0.521639	-0.557601	0.412037
65291	-9.670885	0.626671	-1.444634	0.078404	-0.111583	-0.015386	-0.497443	-0.521266	-0.557790	0.411950
65292	-9.558633	0.604761	-1.561782	0.048890	0.023860	-0.108595	-0.497807	-0.520783	-0.558012	0.411820
65293	-9.602073	0.574811	-1.479706	0.027024	-0.061742	-0.080514	-0.498255	-0.520249	-0.558285	0.411583
65294	-9.658116	0.543738	-1.494396	-0.008140	-0.054243	-0.024681	-0.498808	-0.519619	-0.558575	0.411316
65295	-9.594810	0.484078	-1.676939	-0.087078	0.135398	-0.061743	-0.499454	-0.518854	-0.558942	0.410999
65296	-9.564116	0.510101	-1.604485	-0.051191	0.078214	-0.101963	-0.499650	-0.518544	-0.559045	0.411013
65297	-9.560486	0.556208	-1.576319	-0.001171	0.060880	-0.107363	-0.500071	-0.518021	-0.559314	0.410795
65298	-9.541459	0.507969	-1.648513	-0.057563	0.133150	-0.117635	-0.500420	-0.517599	-0.559556	0.410571
65299	-9.582463	0.582357	-1.624561	0.017638	0.114810	-0.076752	-0.500694	-0.517224	-0.559763	0.410426
65300	-9.589329	0.535846	-1.580434	-0.022590	0.067884	-0.079496	-0.500829	-0.517014	-0.559866	0.410386
65301	-9.590324	0.517519	-1.507115	-0.030923	-0.004341	-0.090930	-0.501030	-0.516721	-0.560050	0.410259
65302	-9.565363	0.589473	-1.423054	0.051794	-0.072996	-0.124513	-0.501451	-0.516206	-0.560504	0.409772
65303	-9.581164	0.539647	-1.502437	-0.009686	-0.002683	-0.099442	-0.502085	-0.515485	-0.561080	0.409115
65304	-9.643264	0.574156	-1.621221	0.004362	0.109974	-0.017870	-0.502743	-0.514750	-0.561623	0.408488
65305	-9.585033	0.617557	-1.742000	0.031384	0.245554	-0.054228	-0.503240	-0.514167	-0.562041	0.408034
65306	-9.544769	0.631706	-1.634816	0.060469	0.150258	-0.109695	-0.503470	-0.513837	-0.562333	0.407764
65307	-9.595195	0.576546	-1.519561	0.019424	0.022355	-0.080866	-0.503721	-0.513517	-0.562636	0.407438
65308	-9.618114	0.483927	-1.602349	-0.085357	0.087117	-0.050774	-0.504092	-0.513071	-0.563067	0.406947
65309	-9.634840	0.472396	-1.603467	-0.099052	0.084039	-0.034777	-0.504503	-0.512609	-0.563427	0.406521
65310	-9.551075	0.569823	-1.679314	-0.011862	0.186351	-0.100171	-0.504897	-0.512149	-0.563733	0.406187
65311	-9.542415	0.647050	-1.666724	0.065543	0.186808	-0.106239	-0.505223	-0.511742	-0.564104	0.405778
65312	-9.524751	0.605651	-1.675286	0.021989	0.192020	-0.124710	-0.505660	-0.511283	-0.564540	0.405207
65313	-9.598208	0.550352	-1.668252	-0.037121	0.164803	-0.056509	-0.506043	-0.510888	-0.564921	0.404696
65314	-9.637705	0.553825	-1.693488	-0.040389	0.182790	-0.013455	-0.506180	-0.510720	-0.565091	0.404498
65315	-9.582723	0.617375	-1.551666	0.044440	0.061297	-0.085835	-0.506263	-0.510653	-0.565181	0.404355
65316	-9.583702	0.654084	-1.474155	0.090768	-0.010800	-0.094665	-0.506442	-0.510478	-0.565418	0.404017
65317	-9.597051	0.586838	-1.553232	0.009911	0.052880	-0.073211	-0.506825	-0.510101	-0.565815	0.403457
65318	-9.578218	0.565096	-1.635049	-0.026708	0.131325	-0.080420	-0.507284	-0.509674	-0.566215	0.402858
65319	-9.610648	0.541019	-1.593916	-0.048490	0.080972	-0.056207	-0.507552	-0.509410	-0.566522	0.402424
65320	-9.584175	0.577814	-1.590361	-0.013489	0.085352	-0.080675	-0.507859	-0.509158	-0.566800	0.401965
65321	-9.507477	0.547689	-1.690245	-0.059492	0.187845	-0.142621	-0.508143	-0.508929	-0.567163	0.401383
65322	-9.589681	0.667101	-1.657677	0.057023	0.156259	-0.059368	-0.508361	-0.508768	-0.567465	0.400884
65323	-9.528449	0.659180	-1.747139	0.033878	0.248378	-0.106219	-0.508600	-0.508588	-0.567770	0.400376
65324	-9.561647	0.692269	-1.744810	0.062328	0.241355	-0.071714	-0.508729	-0.508541	-0.568001	0.399945
65325	-9.491722	0.725497	-1.789886	0.087030	0.295864	-0.131380	-0.508860	-0.508479	-0.568351	0.399360
65326	-9.479785	0.735120	-1.832881	0.085746	0.332570	-0.135487	-0.509061	-0.508358	-0.568871	0.398515
65327	-9.466464	0.676655	-1.970366	0.001332	0.448593	-0.130079	-0.509194	-0.508289	-0.569433	0.397631
65328	-9.465352	0.768239	-1.850432	0.106896	0.333707	-0.143955	-0.509219	-0.508317	-0.569971	0.396791
65329	-9.333639	0.771286	-1.871906	0.107341	0.362560	-0.269484	-0.509136	-0.508457	-0.570543	0.395894
65330	-9.465260	0.693228	-1.766856	0.038896	0.207491	-0.161320	-0.509006	-0.508689	-0.571184	0.394838
65331	-9.492885	0.652673	-1.741705	-0.002243	0.150523	-0.140476	-0.508792	-0.508989	-0.571864	0.393741
65332	-9.451277	0.687773	-1.615616	0.050735	0.018117	-0.199835	-0.508571	-0.509319	-0.572563	0.392583
65333	-9.462423	0.711722	-1.539813	0.081251	-0.077130	-0.200069	-0.508503	-0.509557	-0.573355	0.391204
65334	-9.552142	0.684348	-1.433270	0.061732	-0.224747	-0.132211	-0.508676	-0.509594	-0.574266	0.389592
65335	-9.610408	0.763053	-1.404970	0.132301	-0.271422	-0.074879	-0.509067	-0.509484	-0.575147	0.387921
65336	-9.593961	0.848365	-1.432593	0.201714	-0.247064	-0.080557	-0.509569	-0.509164	-0.576215	0.386093
65337	-9.726651	0.678028	-1.480481	0.010288	-0.273456	0.045526	-0.510159	-0.508783	-0.577199	0.384342
65338	-9.870133	0.645313	-1.505126	-0.040801	-0.298159	0.187851	-0.510641	-0.508378	-0.578060	0.382941
65339	-9.896625	0.741704	-1.463816	0.054836	-0.336467	0.213271	-0.511256	-0.507696	-0.578927	0.381713
65340	-9.839976	0.781440	-1.533435	0.078516	-0.255731	0.173084	-0.512101	-0.506685	-0.579850	0.380523
65341	-9.797065	0.713739	-1.456921	0.025588	-0.333940	0.112148	-0.513007	-0.505599	-0.580698	0.379452
65342	-9.716613	0.665214	-1.398933	-0.010233	-0.379704	0.019291	-0.514037	-0.504397	-0.581436	0.378525
65343	-9.682267	0.668668	-1.386572	-0.005908	-0.376771	-0.016055	-0.515095	-0.503160	-0.582086	0.377734
65344	-9.671854	0.684638	-1.498188	-0.016165	-0.253961	-0.004870	-0.516203	-0.501881	-0.582662	0.377035
65345	-9.633715	0.666310	-1.650873	-0.068325	-0.091779	-0.016529	-0.517306	-0.500610	-0.583184	0.376404
65346	-9.606727	0.641596	-1.769719	-0.120866	0.034791	-0.024075	-0.518339	-0.499410	-0.583646	0.375861
65347	-9.544344	0.642837	-1.782783	-0.123367	0.071227	-0.083054	-0.519219	-0.498371	-0.584011	0.375458
65348	-9.546198	0.641366	-1.773362	-0.124750	0.072212	-0.083079	-0.519902	-0.497503	-0.584306	0.375204
65349	-9.551737	0.728096	-1.714704	-0.028053	0.043274	-0.081123	-0.520487	-0.496736	-0.584546	0.375037
65350	-9.538877	0.724692	-1.721396	-0.032736	0.060898	-0.092925	-0.521081	-0.495955	-0.584800	0.374849
65351	-9.520984	0.752031	-1.739268	-0.010035	0.096468	-0.105457	-0.521686	-0.495156	-0.585097	0.374601
65352	-9.556065	0.812704	-1.709194	0.053567	0.083224	-0.071517	-0.522312	-0.494363	-0.585400	0.374303
65353	-9.604165	0.767463	-1.688360	0.010990	0.052879	-0.031244	-0.522965	-0.493557	-0.585732	0.373934
65354	-9.616001	0.758528	-1.648058	0.009584	0.018188	-0.027059	-0.523603	-0.492762	-0.586044	0.373600
65355	-9.570754	0.794940	-1.611140	0.053925	0.007289	-0.074922	-0.524239	-0.491941	-0.586382	0.373262
65356	-9.589752	0.834838	-1.593098	0.094981	0.004280	-0.056192	-0.524928	-0.491071	-0.586730	0.372891
65357	-9.576839	0.740769	-1.583178	0.004541	-0.015235	-0.077659	-0.525648	-0.490194	-0.587050	0.372527
65358	-9.589555	0.704904	-1.599550	-0.036589	-0.000644	-0.065192	-0.526322	-0.489391	-0.587302	0.372235
65359	-9.542861	0.733535	-1.646511	-0.020683	0.068287	-0.101345	-0.526960	-0.488622	-0.587549	0.371951
65360	-9.535446	0.761212	-1.674453	-0.002586	0.111145	-0.102095	-0.527553	-0.487924	-0.587774	0.371673
65361	-9.539138	0.754572	-1.728292	-0.024014	0.167706	-0.090403	-0.528030	-0.487325	-0.587984	0.371448
65362	-9.525707	0.753603	-1.738080	-0.028740	0.185434	-0.102244	-0.528460	-0.486835	-0.588124	0.371257
65363	-9.507997	0.744558	-1.730414	-0.036964	0.184120	-0.121690	-0.528824	-0.486432	-0.588252	0.371065
65364	-9.531933	0.728774	-1.764212	-0.063381	0.212391	-0.094036	-0.529132	-0.486099	-0.588358	0.370893
65365	-9.519418	0.742356	-1.735462	-0.044189	0.193420	-0.109963	-0.529358	-0.485854	-0.588446	0.370752
65366	-9.518787	0.774676	-1.719900	-0.010134	0.188147	-0.110626	-0.529509	-0.485684	-0.588532	0.370623
65367	-9.515499	0.819583	-1.688678	0.039925	0.170152	-0.115392	-0.529678	-0.485528	-0.588650	0.370399
65368	-9.550417	0.810517	-1.651629	0.037394	0.126023	-0.087565	-0.529850	-0.485369	-0.588796	0.370128
65369	-9.583597	0.781110	-1.613281	0.015268	0.075745	-0.063218	-0.530036	-0.485215	-0.588937	0.369840
65370	-9.585474	0.763395	-1.588537	0.002536	0.046027	-0.066641	-0.530195	-0.485036	-0.589140	0.369523
65371	-9.593667	0.735596	-1.555914	-0.018204	0.004742	-0.065890	-0.530385	-0.484863	-0.589340	0.369157
65372	-9.641279	0.713323	-1.546950	-0.041183	-0.019186	-0.022178	-0.530570	-0.484683	-0.589523	0.368837
65373	-9.659291	0.716238	-1.508994	-0.031286	-0.059097	-0.010265	-0.530751	-0.484510	-0.589689	0.368539
65374	-9.635681	0.725797	-1.429528	-0.002859	-0.128784	-0.045390	-0.530955	-0.484361	-0.589766	0.368318
65375	-9.600260	0.730688	-1.423977	0.001633	-0.126111	-0.080745	-0.531188	-0.484214	-0.589816	0.368094
65376	-9.640162	0.698322	-1.419652	-0.032953	-0.144958	-0.044694	-0.531363	-0.484131	-0.589859	0.367882
65377	-9.659125	0.669260	-1.395462	-0.058508	-0.178543	-0.032165	-0.531491	-0.484142	-0.589808	0.367764
65378	-9.674196	0.645337	-1.439642	-0.096513	-0.145026	-0.012241	-0.531519	-0.484270	-0.589674	0.367770
65379	-9.666037	0.628883	-1.402885	-0.104688	-0.182078	-0.027406	-0.531509	-0.484421	-0.589476	0.367904
65380	-9.634827	0.634094	-1.371450	-0.091989	-0.203574	-0.062665	-0.531500	-0.484560	-0.589256	0.368086
65381	-9.602254	0.711328	-1.352386	-0.013244	-0.194403	-0.091564	-0.531573	-0.484617	-0.589065	0.368209
65382	-9.621114	0.727629	-1.396876	-0.012105	-0.148159	-0.064639	-0.531729	-0.484595	-0.588920	0.368247
65383	-9.576613	0.793637	-1.408463	0.047306	-0.109564	-0.101308	-0.531960	-0.484481	-0.588825	0.368215
65384	-9.583498	0.798972	-1.484174	0.029088	-0.033926	-0.082191	-0.532225	-0.484368	-0.588747	0.368104
65385	-9.592528	0.778795	-1.490259	0.003736	-0.031928	-0.073953	-0.532450	-0.484292	-0.588656	0.368024
65386	-9.603970	0.746298	-1.513572	-0.037342	-0.017418	-0.061667	-0.532573	-0.484322	-0.588510	0.368041
