// General information: 
//  MT Manager version: 2021.0.0 
//  XDA version: 2021.0.0 build 5908 rev 109668 built on 2021-04-19
// Device information: 
//  DeviceId: 00B43DF8
//  ProductCode: MTW2-3A7G6
//  Firmware Version: 4.3.5
//  Hardware Version: 1.1.0
// Device settings: 
//  Filter Profile: human(46.1)
//  Option Flags: Orientation Smoother Disabled, Position/Velocity Smoother Disabled, Continuous Zero Rotation Update Disabled, AHS Disabled, ICC Disabled
// Coordinate system: ENU
PacketCounter	Acc_X	Acc_Y	Acc_Z	FreeAcc_E	FreeAcc_N	FreeAcc_U	Quat_q0	Quat_q1	Quat_q2	Quat_q3
64468	-8.874616	-1.386398	3.892233	-0.026203	-0.022556	-0.023448	-0.658300	-0.271237	-0.474077	0.517998
64469	-8.871971	-1.398993	3.922609	-0.027812	-0.052475	-0.012055	-0.658312	-0.271234	-0.474046	0.518013
64470	-8.883630	-1.392782	3.875198	-0.039221	-0.005230	-0.021144	-0.658307	-0.271269	-0.474040	0.518007
64471	-8.923924	-1.364488	3.882019	-0.011318	0.014238	0.014214	-0.658296	-0.271329	-0.474051	0.517979
64472	-8.893068	-1.358509	3.887073	-0.003826	-0.002462	-0.012610	-0.658286	-0.271371	-0.474090	0.517935
64473	-8.888889	-1.389834	3.885418	-0.033842	-0.013968	-0.012732	-0.658283	-0.271403	-0.474096	0.517916
64474	-8.889235	-1.368793	3.899829	-0.009459	-0.020276	-0.009613	-0.658272	-0.271464	-0.474125	0.517870
64475	-8.920963	-1.338600	3.863218	0.004891	0.032386	0.000509	-0.658281	-0.271514	-0.474141	0.517819
64476	-8.919713	-1.370306	3.875963	-0.020782	0.009546	0.008798	-0.658294	-0.271545	-0.474164	0.517765
64477	-8.913918	-1.348246	3.862322	-0.005285	0.025295	-0.004906	-0.658317	-0.271552	-0.474157	0.517738
64478	-8.922320	-1.335482	3.861163	0.005624	0.034580	0.000501	-0.658346	-0.271518	-0.474114	0.517759
64479	-8.925431	-1.355508	3.860443	-0.013644	0.031441	0.005794	-0.658398	-0.271447	-0.474068	0.517773
64480	-8.913108	-1.346973	3.864637	-0.004454	0.027763	-0.004912	-0.658459	-0.271356	-0.473988	0.517815
64481	-8.906849	-1.359725	3.882111	-0.010461	0.009162	-0.001907	-0.658518	-0.271244	-0.473906	0.517874
64482	-8.920455	-1.369042	3.895937	-0.014690	0.003157	0.017210	-0.658592	-0.271125	-0.473822	0.517920
64483	-8.881702	-1.363537	3.876508	-0.016432	0.008850	-0.026431	-0.658681	-0.270986	-0.473707	0.517984
64484	-8.923300	-1.357302	3.885970	-0.008210	0.024374	0.014197	-0.658766	-0.270845	-0.473597	0.518051
64485	-8.893607	-1.373435	3.894003	-0.020565	0.003830	-0.007312	-0.658850	-0.270705	-0.473483	0.518121
64486	-8.888813	-1.353434	3.898558	-0.000808	0.008518	-0.012613	-0.658927	-0.270588	-0.473351	0.518205
64487	-8.865119	-1.376591	3.875091	-0.030923	0.014651	-0.040252	-0.658994	-0.270464	-0.473250	0.518276
64488	-8.873106	-1.398464	3.904845	-0.041465	-0.010687	-0.018112	-0.659076	-0.270344	-0.473150	0.518326
64489	-8.880981	-1.406290	3.889985	-0.054699	0.005609	-0.015829	-0.659131	-0.270271	-0.473063	0.518374
64490	-8.874240	-1.378633	3.938031	-0.012410	-0.027684	-0.006571	-0.659106	-0.270331	-0.473021	0.518412
64491	-8.888335	-1.373042	3.906159	-0.019352	0.008240	-0.007312	-0.659161	-0.270268	-0.472937	0.518452
64492	-8.896540	-1.380579	3.890671	-0.032444	0.024580	-0.005033	-0.659202	-0.270197	-0.472874	0.518495
64493	-8.898786	-1.381037	3.906490	-0.027824	0.014323	0.003388	-0.659256	-0.270126	-0.472797	0.518533
64494	-8.880472	-1.365359	3.941981	-0.000849	-0.015976	-0.001166	-0.659301	-0.270055	-0.472726	0.518578
64495	-8.914074	-1.356839	3.907248	-0.006164	0.032927	0.014174	-0.659367	-0.269971	-0.472630	0.518626
64496	-8.879587	-1.384931	3.929424	-0.024677	-0.007166	-0.004282	-0.659417	-0.269900	-0.472571	0.518652
64497	-8.881970	-1.385578	3.944831	-0.019887	-0.017304	0.004146	-0.659441	-0.269828	-0.472527	0.518700
64498	-8.887349	-1.392947	3.914804	-0.037704	0.010297	-0.002008	-0.659502	-0.269736	-0.472442	0.518748
64499	-8.874378	-1.364827	3.934899	-0.004569	-0.000458	-0.009589	-0.659556	-0.269657	-0.472376	0.518779
64500	-8.897211	-1.381644	3.930907	-0.022218	0.009465	0.011810	-0.659613	-0.269562	-0.472317	0.518811
64501	-8.888196	-1.393755	3.933623	-0.032645	0.001907	0.006422	-0.659672	-0.269465	-0.472246	0.518849
64502	-8.858413	-1.375748	3.911733	-0.023548	0.015999	-0.031839	-0.659713	-0.269406	-0.472174	0.518894
64503	-8.886987	-1.393421	3.936472	-0.032296	0.003595	0.006422	-0.659766	-0.269341	-0.472102	0.518927
64504	-8.866361	-1.396659	3.941767	-0.033891	-0.008468	-0.009661	-0.659814	-0.269294	-0.472009	0.518973
64505	-8.871384	-1.383611	3.927419	-0.027496	0.011923	-0.012710	-0.659826	-0.269270	-0.471944	0.519030
64506	-8.870898	-1.383145	3.928683	-0.027341	0.012763	-0.012710	-0.659881	-0.269220	-0.471845	0.519077
64507	-8.884784	-1.391497	3.942122	-0.031656	0.007063	0.006423	-0.659936	-0.269169	-0.471742	0.519126
64508	-8.852332	-1.386135	3.950357	-0.024299	-0.009618	-0.020354	-0.659990	-0.269121	-0.471641	0.519175
64509	-8.860689	-1.393143	3.934828	-0.037383	0.006751	-0.018092	-0.660016	-0.269108	-0.471559	0.519223
64510	-8.882540	-1.369233	3.962569	-0.006596	0.002245	0.009544	-0.660047	-0.269100	-0.471451	0.519285
64511	-8.877219	-1.400809	3.963484	-0.036671	-0.009312	0.009484	-0.660087	-0.269053	-0.471395	0.519310
64512	-8.862171	-1.391317	3.953063	-0.031894	-0.001922	-0.009651	-0.660147	-0.268993	-0.471312	0.519340
64513	-8.861732	-1.390624	3.954290	-0.031555	-0.001051	-0.009650	-0.660179	-0.268964	-0.471250	0.519371
64514	-8.883692	-1.367059	3.981620	-0.000854	-0.005608	0.017984	-0.660218	-0.268929	-0.471188	0.519395
64515	-8.853061	-1.400947	3.956855	-0.041778	-0.007903	-0.015022	-0.660212	-0.268979	-0.471125	0.519434
64516	-8.861620	-1.386956	3.955830	-0.030768	0.001299	-0.009647	-0.660155	-0.269139	-0.470995	0.519541
64517	-8.859278	-1.383507	3.941401	-0.035071	0.013250	-0.018090	-0.660092	-0.269339	-0.470866	0.519636
64518	-8.862820	-1.380642	3.955351	-0.030326	0.003228	-0.009646	-0.660026	-0.269564	-0.470721	0.519733
64519	-8.854600	-1.369313	3.972022	-0.016635	-0.011452	-0.011896	-0.659965	-0.269763	-0.470580	0.519835
64520	-8.878565	-1.382853	3.966772	-0.034365	-0.001662	0.009497	-0.659940	-0.269927	-0.470449	0.519900
64521	-8.875464	-1.337894	3.983496	0.009576	-0.004206	0.007290	-0.659819	-0.270359	-0.470236	0.520022
64522	-8.895401	-1.365246	3.933172	-0.041065	0.034890	0.008666	-0.659698	-0.270971	-0.469867	0.520190
64523	-8.905180	-1.319806	3.947534	-0.006033	0.037061	0.017150	-0.659437	-0.272089	-0.469208	0.520532
64524	-8.868362	-1.343207	3.984387	-0.030859	-0.022513	0.001888	-0.659213	-0.273183	-0.468475	0.520904
64525	-8.880804	-1.303783	3.954359	-0.018230	0.017327	-0.004281	-0.659099	-0.273874	-0.467980	0.521129
64526	-8.873408	-1.305572	3.957103	-0.028595	0.009730	-0.009645	-0.659006	-0.274381	-0.467567	0.521352
64527	-8.863360	-1.321936	3.989564	-0.040621	-0.028410	-0.003466	-0.658920	-0.274844	-0.467241	0.521508
64528	-8.875311	-1.302410	4.003278	-0.025171	-0.030174	0.010352	-0.658839	-0.275282	-0.466904	0.521681
64529	-8.864596	-1.271000	3.961563	-0.018843	0.007692	-0.020340	-0.658643	-0.276096	-0.466429	0.521924
64530	-8.890698	-1.294577	3.941072	-0.060676	0.024759	-0.002072	-0.658485	-0.276950	-0.465869	0.522170
64531	-8.894557	-1.260309	3.971772	-0.031771	0.007249	0.009503	-0.658303	-0.277863	-0.465242	0.522475
64532	-8.858649	-1.255653	3.995108	-0.030466	-0.029063	-0.014145	-0.658201	-0.278421	-0.464831	0.522672
64533	-8.887479	-1.232067	3.990812	-0.017793	-0.007049	0.007266	-0.658167	-0.278742	-0.464557	0.522788
64534	-8.876498	-1.240190	3.978843	-0.032719	-0.003569	-0.006546	-0.658162	-0.278784	-0.464458	0.522859
64535	-8.872569	-1.219166	3.980838	-0.012824	0.001136	-0.011884	-0.658241	-0.278672	-0.464423	0.522850
64536	-8.898294	-1.223017	3.946587	-0.028708	0.041555	-0.002060	-0.658269	-0.278661	-0.464372	0.522865
64537	-8.870402	-1.250243	3.997016	-0.038190	-0.020729	-0.003437	-0.658302	-0.278680	-0.464304	0.522874
64538	-8.869257	-1.216287	3.968300	-0.016394	0.014577	-0.020344	-0.658339	-0.278646	-0.464266	0.522879
64539	-8.878521	-1.236330	3.996337	-0.026729	-0.010720	0.001920	-0.658386	-0.278611	-0.464253	0.522851
64540	-8.867565	-1.247480	3.983403	-0.041704	-0.007158	-0.011890	-0.658435	-0.278573	-0.464245	0.522816
64541	-8.908488	-1.260010	3.959804	-0.062106	0.026868	0.017076	-0.658480	-0.278499	-0.464283	0.522765
64542	-8.881534	-1.223062	3.965227	-0.024380	0.022453	-0.009655	-0.658527	-0.278433	-0.464314	0.522714
64543	-8.872633	-1.215457	3.981829	-0.010761	0.007600	-0.011884	-0.658610	-0.278277	-0.464376	0.522637
64544	-8.881725	-1.224339	3.964403	-0.023895	0.023973	-0.009657	-0.658619	-0.278221	-0.464442	0.522597
64545	-8.876731	-1.236565	3.979451	-0.029861	0.005260	-0.006538	-0.658634	-0.278210	-0.464437	0.522589
64546	-8.879850	-1.236496	3.993332	-0.025111	-0.005020	0.001929	-0.658669	-0.278155	-0.464469	0.522546
64547	-8.877073	-1.236686	3.978652	-0.029345	0.006918	-0.006537	-0.658730	-0.278026	-0.464513	0.522498
64548	-8.882499	-1.238619	4.007577	-0.020125	-0.014201	0.010400	-0.658837	-0.277784	-0.464587	0.522425
64549	-8.856127	-1.244846	3.983305	-0.030563	-0.004204	-0.022570	-0.658972	-0.277426	-0.464730	0.522319
64550	-8.854998	-1.249979	3.984208	-0.030251	-0.003436	-0.022569	-0.659168	-0.276872	-0.464960	0.522161
64551	-8.884991	-1.262698	3.979261	-0.037042	0.014899	0.004155	-0.659439	-0.276072	-0.465302	0.521937
64552	-8.859433	-1.256332	3.985411	-0.018995	0.006591	-0.017229	-0.659663	-0.275273	-0.465703	0.521719
64553	-8.863686	-1.267115	4.014110	-0.009683	-0.014749	-0.000284	-0.659834	-0.274589	-0.466104	0.521505
64554	-8.859822	-1.275115	3.999365	-0.013946	-0.002769	-0.008755	-0.659983	-0.274049	-0.466384	0.521350
64555	-8.863338	-1.321798	3.982257	-0.057331	0.001333	-0.006517	-0.660097	-0.273625	-0.466627	0.521211
64556	-8.878691	-1.282609	3.994448	-0.011442	0.011807	0.007271	-0.660170	-0.273302	-0.466838	0.521099
64557	-8.870360	-1.298565	3.994721	-0.021859	0.004276	0.001937	-0.660229	-0.273038	-0.467010	0.521008
64558	-8.865750	-1.333688	3.993732	-0.051846	-0.007346	0.001965	-0.660285	-0.272857	-0.467143	0.520913
64559	-8.868685	-1.322324	3.962369	-0.049832	0.024086	-0.009657	-0.660323	-0.272746	-0.467263	0.520816
64560	-8.879664	-1.291686	3.989356	-0.010262	0.015104	0.007268	-0.660332	-0.272669	-0.467371	0.520748
64561	-8.857419	-1.295883	3.977214	-0.016384	0.013922	-0.017232	-0.660348	-0.272594	-0.467461	0.520685
64562	-8.887077	-1.300464	3.954706	-0.027647	0.043334	0.000997	-0.660341	-0.272576	-0.467551	0.520624
64563	-8.865339	-1.317286	3.986704	-0.030785	0.000485	-0.003389	-0.660339	-0.272532	-0.467643	0.520566
64564	-8.871509	-1.304906	3.969261	-0.024337	0.020727	-0.006543	-0.660334	-0.272530	-0.467716	0.520508
64565	-8.878223	-1.305381	3.995847	-0.015097	-0.000597	0.010419	-0.660312	-0.272562	-0.467796	0.520448
64566	-8.862786	-1.329124	3.996297	-0.036245	-0.016716	-0.000229	-0.660294	-0.272567	-0.467861	0.520409
64567	-8.880228	-1.304355	3.991724	-0.014575	0.001037	0.010420	-0.660276	-0.272624	-0.467913	0.520355
64568	-8.858498	-1.306719	3.979035	-0.020727	-0.000028	-0.014076	-0.660251	-0.272674	-0.467965	0.520314
64569	-8.871373	-1.314234	3.974269	-0.029345	0.005262	-0.003386	-0.660238	-0.272708	-0.468035	0.520250
64570	-8.883100	-1.288523	3.940913	-0.016557	0.045082	-0.009716	-0.660215	-0.272744	-0.468090	0.520210
64571	-8.873487	-1.312764	3.970032	-0.028737	0.006900	-0.003385	-0.660187	-0.272788	-0.468160	0.520159
64572	-8.854623	-1.315660	3.971682	-0.030350	-0.005198	-0.019393	-0.660164	-0.272844	-0.468204	0.520120
64573	-8.886827	-1.299282	3.978670	-0.013089	0.005980	0.010420	-0.660136	-0.272902	-0.468261	0.520073
64574	-8.896720	-1.306434	3.959730	-0.026178	0.022480	0.012620	-0.660107	-0.272932	-0.468303	0.520057
64575	-8.880502	-1.309924	3.976224	-0.023316	-0.000792	0.005104	-0.660091	-0.272975	-0.468343	0.520019
64576	-8.875639	-1.308324	3.945723	-0.032096	0.022095	-0.011876	-0.660082	-0.272999	-0.468392	0.519972
64577	-8.870527	-1.300057	3.975313	-0.014076	-0.003813	-0.005583	-0.660079	-0.273040	-0.468428	0.519923
64578	-8.882755	-1.294009	3.926609	-0.025484	0.043187	-0.015058	-0.660064	-0.273088	-0.468463	0.519886
64579	-8.864967	-1.330033	3.957247	-0.048314	-0.003500	-0.014010	-0.660040	-0.273140	-0.468524	0.519834
64580	-8.888980	-1.325606	3.965507	-0.041705	-0.000758	0.010484	-0.660023	-0.273198	-0.468576	0.519779
64581	-8.880071	-1.283146	3.951601	-0.006756	0.018693	-0.008765	-0.660010	-0.273274	-0.468628	0.519708
64582	-8.876713	-1.314370	3.949183	-0.036891	0.007223	-0.008697	-0.659973	-0.273343	-0.468691	0.519662
64583	-8.892782	-1.321877	3.958221	-0.041023	0.001523	0.010487	-0.659950	-0.273424	-0.468766	0.519579
64584	-8.893634	-1.300486	3.970935	-0.016652	-0.004963	0.013604	-0.659908	-0.273528	-0.468847	0.519507
64585	-8.875893	-1.322642	3.956244	-0.042323	-0.009933	-0.005504	-0.659881	-0.273624	-0.468910	0.519432
64586	-8.860654	-1.324958	3.971133	-0.039399	-0.033313	-0.012997	-0.659834	-0.273770	-0.469015	0.519320
64587	-8.868810	-1.329980	3.935609	-0.057153	-0.005783	-0.019304	-0.659785	-0.273957	-0.469109	0.519200
64588	-8.913285	-1.300065	3.953478	-0.024514	0.002842	0.024294	-0.659737	-0.274134	-0.469194	0.519090
64589	-8.894054	-1.268097	3.924922	-0.004689	0.024960	-0.008778	-0.659697	-0.274275	-0.469285	0.518984
64590	-8.932838	-1.258029	3.899125	-0.005328	0.062988	0.014694	-0.659662	-0.274389	-0.469355	0.518905
64591	-8.915752	-1.293544	3.928891	-0.028289	0.016421	0.015792	-0.659630	-0.274471	-0.469414	0.518849
64592	-8.901545	-1.263455	3.930618	0.000426	0.016466	-0.000282	-0.659626	-0.274545	-0.469441	0.518790
64593	-8.900871	-1.295069	3.943344	-0.025207	-0.006049	0.008310	-0.659611	-0.274581	-0.469460	0.518774
64594	-8.912039	-1.269399	3.910439	-0.012468	0.033775	0.001897	-0.659583	-0.274610	-0.469503	0.518754
64595	-8.904542	-1.280997	3.910429	-0.022852	0.026075	-0.003402	-0.659575	-0.274614	-0.469526	0.518742
64596	-8.904926	-1.280729	3.909642	-0.022511	0.026829	-0.003403	-0.659569	-0.274594	-0.469540	0.518747
64597	-8.891844	-1.305146	3.926121	-0.039116	-0.000369	-0.005486	-0.659559	-0.274587	-0.469545	0.518759
64598	-8.897259	-1.292548	3.909955	-0.032555	0.019882	-0.008699	-0.659561	-0.274552	-0.469560	0.518762
64599	-8.880455	-1.296553	3.927992	-0.029534	-0.003462	-0.016169	-0.659568	-0.274542	-0.469549	0.518768
64600	-8.882277	-1.329289	3.955960	-0.050535	-0.037098	0.000953	-0.659552	-0.274558	-0.469578	0.518754
64601	-8.878752	-1.294819	3.911210	-0.033408	0.009155	-0.024676	-0.659524	-0.274620	-0.469631	0.518708
64602	-8.883505	-1.314013	3.907731	-0.052778	0.006274	-0.019280	-0.659501	-0.274683	-0.469665	0.518674
64603	-8.889975	-1.293461	3.949917	-0.019348	-0.022211	0.000858	-0.659485	-0.274764	-0.469711	0.518609
64604	-8.864146	-1.327543	3.936607	-0.055848	-0.035807	-0.023514	-0.659438	-0.274904	-0.469806	0.518508
64605	-8.891381	-1.308745	3.912860	-0.047506	-0.002511	-0.010765	-0.659395	-0.275089	-0.469898	0.518382
64606	-8.915648	-1.289235	3.874710	-0.043746	0.041804	-0.006536	-0.659346	-0.275262	-0.469981	0.518277
64607	-8.916964	-1.266877	3.886652	-0.019248	0.035300	-0.003423	-0.659310	-0.275398	-0.470068	0.518171
64608	-8.910637	-1.276814	3.884577	-0.029738	0.027678	-0.008709	-0.659265	-0.275536	-0.470137	0.518093
64609	-8.917976	-1.282185	3.850265	-0.047346	0.055026	-0.015057	-0.659234	-0.275656	-0.470177	0.518032
64610	-8.921666	-1.260744	3.877846	-0.018426	0.037572	-0.003430	-0.659216	-0.275745	-0.470221	0.517969
64611	-8.919689	-1.258786	3.861610	-0.022733	0.049386	-0.011950	-0.659210	-0.275806	-0.470235	0.517931
64612	-8.917714	-1.250419	3.906028	-0.000042	0.012391	0.002917	-0.659218	-0.275841	-0.470244	0.517893
64613	-8.927015	-1.257407	3.888046	-0.013223	0.028924	0.005081	-0.659215	-0.275843	-0.470250	0.517891
64614	-8.939141	-1.265286	3.884700	-0.021846	0.034350	0.015762	-0.659227	-0.275816	-0.470257	0.517883
64615	-8.915468	-1.248898	3.890270	-0.003727	0.025851	-0.005607	-0.659248	-0.275742	-0.470236	0.517916
64616	-8.925527	-1.290206	3.902601	-0.038164	0.007905	0.013728	-0.659286	-0.275671	-0.470210	0.517929
64617	-8.910306	-1.281464	3.891919	-0.033494	0.015077	-0.005477	-0.659334	-0.275607	-0.470156	0.517951
64618	-8.940930	-1.265566	3.901913	-0.016153	0.026348	0.024276	-0.659392	-0.275539	-0.470103	0.517962
64619	-8.889461	-1.284936	3.898243	-0.034811	0.003583	-0.021434	-0.659429	-0.275464	-0.470060	0.517993
64620	-8.901913	-1.306380	3.940606	-0.040677	-0.032558	0.009550	-0.659472	-0.275412	-0.470033	0.517991
64621	-8.900795	-1.292853	3.896707	-0.043074	0.009734	-0.010749	-0.659494	-0.275361	-0.470011	0.518008
64622	-8.886901	-1.297086	3.929626	-0.035553	-0.024588	-0.009650	-0.659513	-0.275352	-0.469991	0.518008
64623	-8.920953	-1.287460	3.892592	-0.040598	0.024299	0.005204	-0.659546	-0.275367	-0.469972	0.517975
64624	-8.893218	-1.302335	3.897716	-0.052918	0.003570	-0.016015	-0.659557	-0.275377	-0.469957	0.517969
64625	-8.904991	-1.289436	3.909624	-0.037414	0.001843	-0.002220	-0.659559	-0.275430	-0.469982	0.517916
64626	-8.914624	-1.295773	3.891130	-0.050505	0.018245	-0.000065	-0.659570	-0.275475	-0.469995	0.517866
64627	-8.923466	-1.282159	3.888578	-0.039387	0.027502	0.005200	-0.659571	-0.275523	-0.469998	0.517837
64628	-8.921179	-1.280421	3.872985	-0.043594	0.039237	-0.003330	-0.659570	-0.275564	-0.470025	0.517792
64629	-8.919101	-1.272049	3.917671	-0.020832	0.002314	0.011577	-0.659586	-0.275599	-0.470008	0.517769
64630	-8.922336	-1.277724	3.871212	-0.043002	0.040837	-0.003334	-0.659603	-0.275623	-0.470010	0.517732
64631	-8.913919	-1.268793	3.887793	-0.029243	0.025964	-0.005486	-0.659626	-0.275620	-0.469985	0.517727
64632	-8.917039	-1.268603	3.902117	-0.024447	0.015736	0.003045	-0.659642	-0.275586	-0.469972	0.517736
64633	-8.900770	-1.292648	3.905083	-0.045635	-0.000364	-0.007473	-0.659672	-0.275537	-0.469947	0.517747
64634	-8.888877	-1.284183	3.908066	-0.036438	-0.004244	-0.018153	-0.659696	-0.275500	-0.469933	0.517749
64635	-8.905907	-1.279436	3.889449	-0.038843	0.020702	-0.010748	-0.659705	-0.275495	-0.469929	0.517743
64636	-8.901172	-1.291448	3.904563	-0.044741	0.001971	-0.007469	-0.659706	-0.275488	-0.469942	0.517734
64637	-8.920788	-1.266912	3.915494	-0.018418	0.008651	0.011578	-0.659712	-0.275503	-0.469935	0.517725
64638	-8.915041	-1.265432	3.886315	-0.027103	0.031436	-0.005496	-0.659715	-0.275494	-0.469939	0.517722
64639	-8.905269	-1.289716	3.917180	-0.039202	-0.006780	0.001073	-0.659733	-0.275505	-0.469938	0.517694
64640	-8.938646	-1.260354	3.895547	-0.020056	0.035041	0.018972	-0.659740	-0.275494	-0.469928	0.517700
64641	-8.887139	-1.259414	3.906353	-0.014526	0.004935	-0.023575	-0.659756	-0.275482	-0.469913	0.517700
64642	-8.922729	-1.283458	3.898052	-0.040841	0.019610	0.008469	-0.659775	-0.275460	-0.469902	0.517697
64643	-8.910997	-1.274875	3.900705	-0.031614	0.015724	-0.002212	-0.659785	-0.275431	-0.469895	0.517706
64644	-8.914083	-1.274859	3.915059	-0.026757	0.005467	0.006329	-0.659817	-0.275401	-0.469877	0.517699
64645	-8.902928	-1.286000	3.902357	-0.041666	0.008760	-0.007459	-0.659852	-0.275367	-0.469850	0.517696
64646	-8.894133	-1.277340	3.919719	-0.027925	-0.006139	-0.009597	-0.659890	-0.275358	-0.469813	0.517687
64647	-8.881170	-1.300999	3.936724	-0.044541	-0.033341	-0.011541	-0.659898	-0.275367	-0.469804	0.517679
64648	-8.890985	-1.254950	3.920407	-0.007623	-0.000803	-0.015032	-0.659901	-0.275401	-0.469794	0.517667
64649	-8.904934	-1.301577	3.885126	-0.064436	0.018959	-0.010562	-0.659894	-0.275471	-0.469817	0.517617
64650	-8.896380	-1.272373	3.916236	-0.026560	-0.003122	-0.009592	-0.659886	-0.275519	-0.469845	0.517576
64651	-8.903065	-1.278332	3.883155	-0.044133	0.024294	-0.016001	-0.659868	-0.275601	-0.469869	0.517535
64652	-8.892321	-1.268658	3.883897	-0.034911	0.020399	-0.026683	-0.659844	-0.275668	-0.469919	0.517484
64653	-8.902642	-1.268514	3.924644	-0.021018	-0.011863	-0.001041	-0.659817	-0.275741	-0.469971	0.517432
64654	-8.918395	-1.282155	3.873810	-0.051989	0.031208	-0.005322	-0.659779	-0.275851	-0.470013	0.517383
64655	-8.883188	-1.288262	3.893608	-0.050846	-0.005298	-0.028608	-0.659750	-0.275995	-0.470073	0.517289
64656	-8.910324	-1.262674	3.930494	-0.015475	-0.020601	0.007513	-0.659712	-0.276138	-0.470144	0.517197
64657	-8.912820	-1.280288	3.911475	-0.039269	-0.012666	0.004412	-0.659678	-0.276272	-0.470218	0.517102
64658	-8.880669	-1.293171	3.884739	-0.060562	-0.011515	-0.033834	-0.659634	-0.276439	-0.470312	0.516983
64659	-8.899767	-1.285682	3.862038	-0.062878	0.013373	-0.026470	-0.659590	-0.276658	-0.470393	0.516848
64660	-8.944361	-1.254471	3.879308	-0.030159	0.022215	0.017009	-0.659554	-0.276875	-0.470470	0.516707
64661	-8.926196	-1.234738	3.894842	-0.007541	0.002657	0.004200	-0.659515	-0.277098	-0.470549	0.516566
64662	-8.926015	-1.250898	3.860808	-0.035854	0.021592	-0.007456	-0.659476	-0.277279	-0.470617	0.516456
64663	-8.917550	-1.252909	3.904178	-0.023817	-0.023788	0.002298	-0.659442	-0.277461	-0.470689	0.516336
64664	-8.952319	-1.220995	3.879348	-0.004648	0.018064	0.020107	-0.659440	-0.277618	-0.470731	0.516216
64665	-8.931142	-1.221286	3.866126	-0.010689	0.016678	-0.004356	-0.659409	-0.277808	-0.470771	0.516117
64666	-8.941511	-1.225968	3.846175	-0.023742	0.033092	-0.002233	-0.659408	-0.277936	-0.470797	0.516026
64667	-8.941163	-1.236218	3.873813	-0.025100	0.003374	0.009655	-0.659398	-0.278054	-0.470833	0.515943
64668	-8.947359	-1.221360	3.855759	-0.018536	0.023607	0.006321	-0.659394	-0.278150	-0.470864	0.515868
64669	-8.920616	-1.235560	3.859467	-0.030802	0.002736	-0.014804	-0.659388	-0.278227	-0.470893	0.515807
64670	-8.953335	-1.237866	3.850644	-0.037466	0.021302	0.011778	-0.659390	-0.278295	-0.470911	0.515751
64671	-8.925068	-1.212249	3.885997	-0.001460	-0.013928	-0.003143	-0.659381	-0.278386	-0.470925	0.515701
64672	-8.948109	-1.213502	3.834766	-0.021685	0.037623	-0.002245	-0.659392	-0.278427	-0.470912	0.515676
64673	-8.958869	-1.233063	3.861060	-0.031915	0.012579	0.020338	-0.659388	-0.278477	-0.470919	0.515648
64674	-8.940572	-1.203234	3.849955	-0.007606	0.023473	-0.004367	-0.659388	-0.278484	-0.470926	0.515638
64675	-8.953502	-1.230794	3.830765	-0.040255	0.036093	0.003213	-0.659378	-0.278483	-0.470937	0.515641
64676	-8.926963	-1.213890	3.821430	-0.026813	0.038595	-0.026712	-0.659371	-0.278475	-0.470939	0.515653
64677	-8.937149	-1.235242	3.848519	-0.037088	0.013634	-0.004120	-0.659367	-0.278399	-0.470935	0.515703
64678	-8.945073	-1.223589	3.847074	-0.026070	0.022943	0.001092	-0.659368	-0.278359	-0.470938	0.515719
64679	-8.949082	-1.244015	3.845311	-0.045461	0.019934	0.006558	-0.659362	-0.278337	-0.470950	0.515729
64680	-8.948439	-1.223971	3.860880	-0.021029	0.013583	0.009656	-0.659384	-0.278297	-0.470918	0.515752
64681	-8.952080	-1.244296	3.860003	-0.040239	0.010462	0.015126	-0.659395	-0.278237	-0.470901	0.515786
64682	-8.957578	-1.199312	3.830523	-0.007908	0.053943	0.002937	-0.659418	-0.278156	-0.470873	0.515825
64683	-8.943380	-1.205014	3.864613	-0.000401	0.019601	0.004184	-0.659439	-0.278026	-0.470835	0.515903
64684	-8.946242	-1.226924	3.865031	-0.019832	0.016656	0.009654	-0.659470	-0.277865	-0.470785	0.515996
64685	-8.955886	-1.269643	3.878813	-0.054354	-0.001090	0.029168	-0.659515	-0.277701	-0.470716	0.516090
64686	-8.943793	-1.230139	3.869675	-0.019342	0.018360	0.009652	-0.659537	-0.277569	-0.470624	0.516217
64687	-8.984006	-1.158212	3.835500	0.036397	0.092049	0.023728	-0.659584	-0.277354	-0.470515	0.516372
64688	-8.962401	-1.185320	3.828834	0.010750	0.086831	0.004742	-0.659644	-0.277035	-0.470366	0.516601
64689	-8.954186	-1.202359	3.850917	0.004727	0.068185	0.008107	-0.659742	-0.276618	-0.470199	0.516852
64690	-8.931699	-1.225233	3.906779	0.006038	0.014416	0.012744	-0.659817	-0.276162	-0.470024	0.517160
64691	-8.896093	-1.300079	3.904263	-0.060793	-0.011559	-0.011151	-0.659896	-0.275684	-0.469872	0.517451
64692	-8.886444	-1.298751	3.942675	-0.042559	-0.037419	-0.004675	-0.659965	-0.275256	-0.469725	0.517724
64693	-8.896476	-1.299740	3.916372	-0.049491	-0.001500	-0.005949	-0.660040	-0.274826	-0.469601	0.517970
64694	-8.867493	-1.301688	3.957761	-0.033169	-0.040527	-0.015344	-0.660078	-0.274470	-0.469482	0.518218
64695	-8.888249	-1.322762	3.957238	-0.050632	-0.030334	0.006015	-0.660125	-0.274143	-0.469391	0.518414
64696	-8.879616	-1.326408	3.932812	-0.059470	-0.007508	-0.011139	-0.660140	-0.273847	-0.469314	0.518621
64697	-8.885440	-1.318343	3.935163	-0.048482	0.001938	-0.005944	-0.660165	-0.273580	-0.469234	0.518803
64698	-8.848699	-1.317261	3.930902	-0.045811	-0.004106	-0.041069	-0.660182	-0.273339	-0.469182	0.518956
64699	-8.858864	-1.328652	3.930839	-0.054439	0.001395	-0.030391	-0.660194	-0.273131	-0.469132	0.519094
64700	-8.877611	-1.321027	3.989077	-0.025269	-0.033255	0.009130	-0.660201	-0.272932	-0.469103	0.519216
64701	-8.886669	-1.371148	3.942362	-0.086581	-0.002459	0.005034	-0.660195	-0.272787	-0.469084	0.519317
64702	-8.864593	-1.337069	3.978890	-0.039897	-0.029219	-0.004636	-0.660180	-0.272681	-0.469073	0.519402
64703	-8.878076	-1.333540	3.946646	-0.046781	0.006692	-0.005938	-0.660168	-0.272618	-0.469066	0.519457
64704	-8.877144	-1.314777	3.962480	-0.022379	0.000279	-0.002841	-0.660137	-0.272537	-0.469079	0.519527
64705	-8.874032	-1.315607	3.947950	-0.026567	0.012043	-0.011426	-0.660100	-0.272488	-0.469101	0.519578
64706	-8.883941	-1.337619	3.974594	-0.036750	-0.013000	0.011238	-0.660052	-0.272464	-0.469135	0.519623
64707	-8.889417	-1.325958	3.957746	-0.030138	0.007199	0.007837	-0.659984	-0.272445	-0.469199	0.519661
64708	-8.873811	-1.350912	3.958846	-0.051364	-0.008973	-0.002528	-0.659913	-0.272465	-0.469251	0.519694
64709	-8.856001	-1.322378	3.946826	-0.027157	0.001892	-0.027284	-0.659851	-0.272476	-0.469310	0.519713
64710	-8.889529	-1.340103	3.982499	-0.030959	-0.020806	0.019836	-0.659780	-0.272534	-0.469347	0.519740
64711	-8.859546	-1.355035	3.971453	-0.047885	-0.030728	-0.009786	-0.659722	-0.272624	-0.469400	0.519717
64712	-8.840208	-1.344185	3.928144	-0.052389	-0.001735	-0.046230	-0.659646	-0.272778	-0.469476	0.519665
64713	-8.858381	-1.318099	3.921605	-0.030563	0.016053	-0.035874	-0.659553	-0.272950	-0.469560	0.519616
64714	-8.905139	-1.269638	3.969073	0.030886	0.007016	0.019201	-0.659435	-0.273112	-0.469683	0.519571
64715	-8.925390	-1.304056	3.914896	-0.019669	0.046361	0.020269	-0.659328	-0.273248	-0.469793	0.519535
64716	-8.891098	-1.331588	3.917885	-0.042796	0.016965	-0.005932	-0.659219	-0.273348	-0.469910	0.519515
64717	-8.892181	-1.311330	3.929773	-0.018344	0.010600	-0.002839	-0.659102	-0.273460	-0.470017	0.519507
64718	-8.828674	-1.387936	3.952480	-0.079935	-0.063656	-0.041122	-0.658960	-0.273603	-0.470152	0.519490
64719	-8.862489	-1.371253	3.955480	-0.062428	-0.052237	-0.011502	-0.658799	-0.273837	-0.470361	0.519382
64720	-8.904008	-1.328062	3.911200	-0.037033	0.009135	0.002665	-0.658617	-0.274147	-0.470564	0.519266
64721	-8.898838	-1.271948	3.862311	-0.000426	0.058922	-0.028970	-0.658441	-0.274399	-0.470756	0.519182
64722	-8.916203	-1.331992	3.865826	-0.054519	0.037422	-0.003859	-0.658260	-0.274621	-0.470944	0.519123
64723	-8.901797	-1.315229	3.893674	-0.027407	0.006902	-0.008009	-0.658070	-0.274852	-0.471115	0.519087
64724	-8.932530	-1.298267	3.881953	-0.014404	0.029313	0.012997	-0.657880	-0.275053	-0.471282	0.519069
64725	-8.912091	-1.301225	3.866137	-0.020544	0.027813	-0.011444	-0.657673	-0.275267	-0.471442	0.519073
64726	-8.935012	-1.244906	3.857494	0.031590	0.057837	-0.001462	-0.657452	-0.275394	-0.471626	0.519119
64727	-8.946112	-1.300761	3.893273	-0.004613	0.009740	0.030196	-0.657190	-0.275500	-0.471870	0.519173
64728	-8.955717	-1.318072	3.810728	-0.044597	0.074768	0.008527	-0.656940	-0.275556	-0.472042	0.519302
64729	-8.952739	-1.281219	3.823712	-0.000552	0.072222	0.006101	-0.656702	-0.275549	-0.472204	0.519461
64730	-8.947036	-1.284420	3.792196	-0.009356	0.094937	-0.011114	-0.656490	-0.275513	-0.472311	0.519649
64731	-8.940170	-1.294541	3.851561	0.007167	0.038612	0.007468	-0.656279	-0.275391	-0.472461	0.519845
64732	-8.939953	-1.300295	3.850126	0.007472	0.039406	0.007465	-0.656075	-0.275232	-0.472564	0.520092
64733	-8.915738	-1.409229	3.896591	-0.071626	-0.042752	0.018527	-0.655879	-0.275001	-0.472748	0.520295
64734	-8.931802	-1.364569	3.818162	-0.050913	0.046861	-0.003880	-0.655703	-0.274918	-0.472785	0.520527
64735	-8.934928	-1.316563	3.834412	0.003873	0.052707	-0.001154	-0.655623	-0.274697	-0.472777	0.520752
64736	-8.947513	-1.290475	3.878982	0.048184	0.032931	0.024304	-0.655508	-0.274463	-0.472786	0.521012
64737	-8.906963	-1.344169	3.857870	-0.003613	0.021573	-0.013531	-0.655404	-0.274163	-0.472862	0.521230
64738	-8.916627	-1.339430	3.872153	0.012053	0.019899	0.000230	-0.655284	-0.273849	-0.472917	0.521497
64739	-8.930526	-1.395484	3.853753	-0.040274	0.028838	0.013331	-0.655179	-0.273499	-0.473021	0.521718
64740	-8.894366	-1.417808	3.832260	-0.061750	0.029828	-0.024866	-0.655093	-0.273172	-0.473098	0.521928
64741	-8.869189	-1.453601	3.898137	-0.066687	-0.043376	-0.016534	-0.655038	-0.272875	-0.473155	0.522100
64742	-8.838386	-1.486850	3.934254	-0.080724	-0.094763	-0.025418	-0.654986	-0.272710	-0.473269	0.522149
64743	-8.919542	-1.396177	3.842928	-0.023903	0.046732	-0.000813	-0.654940	-0.272563	-0.473370	0.522192
64744	-8.905480	-1.384103	3.890750	0.007670	0.005261	0.003685	-0.654922	-0.272359	-0.473488	0.522214
64745	-8.895278	-1.478998	3.814170	-0.103896	0.037221	-0.022431	-0.654896	-0.272174	-0.473633	0.522210
64746	-8.913276	-1.490972	3.838998	-0.103462	0.020815	0.005472	-0.654943	-0.271992	-0.473726	0.522163
64747	-8.902937	-1.497133	3.885711	-0.091440	-0.024463	0.015511	-0.655005	-0.271900	-0.473777	0.522087
64748	-8.865420	-1.491339	3.863347	-0.093229	-0.019788	-0.028204	-0.655097	-0.271828	-0.473862	0.521931
64749	-8.872993	-1.490393	3.889891	-0.083897	-0.040902	-0.010963	-0.655206	-0.271871	-0.473952	0.521691
64750	-8.871767	-1.486215	3.872539	-0.088098	-0.029154	-0.019576	-0.655337	-0.271975	-0.474046	0.521386
64751	-8.906770	-1.413213	3.878334	-0.020578	-0.001561	0.004072	-0.655473	-0.272119	-0.474198	0.521002
64752	-8.884069	-1.476661	3.891608	-0.078428	-0.049531	-0.002325	-0.655617	-0.272310	-0.474374	0.520560
64753	-8.923245	-1.448213	3.817562	-0.081710	0.030007	-0.000052	-0.655780	-0.272583	-0.474600	0.520006
64754	-8.895170	-1.467689	3.831131	-0.100311	-0.010401	-0.017508	-0.655990	-0.272936	-0.474813	0.519361
64755	-8.914108	-1.457921	3.878817	-0.081833	-0.053434	0.016987	-0.656205	-0.273454	-0.475059	0.518591
64756	-8.870148	-1.541923	3.935198	-0.149601	-0.164468	0.010416	-0.656436	-0.274155	-0.475386	0.517628
64757	-8.859122	-1.637369	3.858440	-0.278141	-0.160576	-0.017314	-0.656569	-0.275405	-0.475832	0.516384
64758	-8.793012	-1.762891	3.997360	-0.363581	-0.384622	-0.008433	-0.656653	-0.277214	-0.476405	0.514779
64759	-8.851930	-1.819512	4.070598	-0.416125	-0.494924	0.077639	-0.656599	-0.279925	-0.477140	0.512696
64760	-8.797548	-2.004275	5.175147	-0.236011	-1.608270	0.461198	-0.656372	-0.284163	-0.478683	0.509205
64761	-7.815737	-2.601584	6.277004	-0.390850	-3.320045	-0.011004	-0.654473	-0.290429	-0.486773	0.500367
64762	-9.773630	-2.713051	3.187435	-1.619165	-0.272546	0.691477	-0.650917	-0.299486	-0.496221	0.490285
64763	-9.722065	-1.525164	3.728770	-0.299717	-0.650925	0.686347	-0.651175	-0.302711	-0.504523	0.479368
64764	-10.398831	-2.229561	3.141748	-1.138983	-0.408264	1.210429	-0.657605	-0.294728	-0.516415	0.462609
64765	-9.970936	-5.648196	0.308791	-5.338481	0.215379	0.329207	-0.667995	-0.280547	-0.528815	0.442076
64766	-9.716522	-7.590593	-0.236667	-7.232783	-0.733356	0.147891	-0.679828	-0.265055	-0.538962	0.420833
64767	-8.942659	-8.604048	0.010088	-7.825423	-2.135710	-0.422014	-0.689854	-0.252225	-0.546698	0.402002
64768	-9.779850	-6.314773	0.214929	-5.784426	-1.148551	0.226348	-0.696599	-0.241130	-0.553882	0.387066
64769	-8.531207	-5.961935	1.098353	-4.731604	-2.177037	-0.735319	-0.701447	-0.226963	-0.562558	0.374150
64770	-7.225780	-5.914584	1.834557	-3.901537	-3.198403	-1.744175	-0.704912	-0.212046	-0.571803	0.362184
64771	-7.588218	-4.506297	1.934555	-2.575503	-2.361115	-1.480994	-0.707751	-0.196672	-0.581071	0.350380
64772	-7.648167	-3.776263	2.107370	-1.707213	-2.023387	-1.435200	-0.710349	-0.179888	-0.590512	0.338143
64773	-7.233633	-10.891925	0.983441	-6.995221	-6.665749	-0.951084	-0.713082	-0.160171	-0.601387	0.322789
64774	-8.633236	1.775392	5.667393	4.798304	0.028801	-0.497677	-0.716292	-0.175047	-0.594424	0.320849
64775	-8.984882	9.704012	8.338779	11.768108	4.479140	-0.547270	-0.724270	-0.160714	-0.598430	0.302465
64776	-7.401086	6.614579	7.613093	9.197253	2.633869	-1.754135	-0.735163	-0.149879	-0.598875	0.280036
64777	-10.716516	12.370325	5.795164	10.201990	9.521055	0.514288	-0.746264	-0.134670	-0.601060	0.252351
64778	-11.735711	9.374153	3.640513	6.075588	8.687675	1.432102	-0.754311	-0.124865	-0.598848	0.238339
64779	-11.902337	17.281636	7.465512	12.991657	13.926175	1.734197	-0.756771	-0.121298	-0.595450	0.240882
64780	-9.304682	-3.038459	4.647986	0.988631	-2.602603	0.658671	-0.754238	-0.103250	-0.601935	0.241120
64781	-8.775402	-9.765505	2.394453	-3.876686	-7.417521	0.582257	-0.751791	-0.097803	-0.605729	0.241532
64782	-9.680123	-0.702653	2.023213	0.044191	0.858269	0.064216	-0.750378	-0.098778	-0.606710	0.243062
64783	-9.220203	-3.801853	1.295359	-1.963887	-1.605304	-0.080776	-0.749975	-0.096227	-0.607228	0.244033
64784	-9.461644	-1.976694	1.968080	-0.546165	-0.216838	0.034035	-0.750852	-0.095325	-0.605942	0.244886
64785	-9.704451	-0.376515	3.129293	1.167233	0.761350	0.295151	-0.751469	-0.094416	-0.604863	0.246010
64786	-9.735688	-0.403789	2.942424	0.981401	0.852268	0.282609	-0.751058	-0.094709	-0.604518	0.247991
64787	-9.527700	-1.297295	2.294622	0.024290	0.324661	0.067562	-0.750516	-0.095778	-0.603991	0.250495
64788	-9.319904	-2.506053	2.025477	-0.765097	-0.626778	-0.001207	-0.750716	-0.094910	-0.603292	0.251904
64789	-9.324712	-2.199383	2.207778	-0.478352	-0.409484	-0.001206	-0.751610	-0.094600	-0.601647	0.253287
64790	-9.476993	-1.365636	2.652259	0.249890	0.185082	0.117866	-0.752970	-0.094107	-0.599501	0.254517
64791	-9.507646	-1.307383	2.736222	0.305668	0.240913	0.159264	-0.754234	-0.093439	-0.597576	0.255546
64792	-9.347156	-1.687852	2.594381	-0.017859	-0.030867	0.033505	-0.755601	-0.092648	-0.595568	0.256481
64793	-9.208416	-1.771093	2.498867	-0.161546	-0.065916	-0.109835	-0.757101	-0.092129	-0.593394	0.257283
64794	-9.167199	-1.811970	2.609640	-0.128645	-0.130732	-0.112322	-0.758756	-0.091822	-0.590988	0.258052
64795	-9.191105	-1.657880	2.629688	-0.091801	0.024218	-0.110577	-0.760439	-0.091791	-0.588545	0.258691
64796	-9.158363	-1.598291	2.828385	0.058974	0.001902	-0.095375	-0.762127	-0.091664	-0.586173	0.259156
64797	-9.125479	-1.653949	2.993723	0.131014	-0.105088	-0.068772	-0.763610	-0.091063	-0.584251	0.259341
64798	-9.167218	-1.710564	2.933691	0.006016	-0.093401	-0.037128	-0.764939	-0.090274	-0.582691	0.259210
64799	-9.156359	-1.778700	2.993648	-0.010397	-0.161523	-0.017877	-0.766281	-0.089627	-0.581180	0.258865
64800	-9.181644	-1.733147	3.081784	0.050924	-0.140766	0.025062	-0.767502	-0.088887	-0.580029	0.258080
64801	-9.110584	-1.887069	3.025879	-0.084763	-0.262416	-0.032931	-0.768574	-0.088402	-0.579103	0.257136
64802	-9.142861	-1.718768	3.034251	-0.024299	-0.114716	-0.028058	-0.769423	-0.088419	-0.578456	0.256045
64803	-9.101307	-1.582834	3.092376	0.080662	-0.046482	-0.071371	-0.770052	-0.088686	-0.578101	0.254861
64804	-9.213789	-1.219006	3.052036	0.187387	0.301490	-0.036759	-0.770518	-0.088993	-0.577909	0.253779
64805	-9.188122	-1.554185	2.963985	-0.055298	0.025668	-0.034214	-0.770886	-0.089330	-0.577928	0.252497
64806	-9.099126	-1.640624	2.931216	-0.113577	-0.079746	-0.114313	-0.771191	-0.089615	-0.578125	0.251007
64807	-9.184446	-1.464948	3.010979	0.016805	0.036947	-0.036983	-0.771530	-0.090234	-0.578300	0.249337
64808	-9.239321	-1.403547	3.124476	0.127186	0.026898	0.040249	-0.771759	-0.090793	-0.578753	0.247366
64809	-9.192378	-1.646169	3.229338	0.115256	-0.274210	0.064039	-0.771852	-0.090812	-0.579771	0.244669
64810	-9.302693	-1.681760	2.977852	-0.130133	-0.211900	0.095590	-0.771992	-0.091095	-0.580920	0.241375
64811	-9.279744	-1.780689	2.933318	-0.200215	-0.336875	0.073416	-0.772219	-0.091413	-0.582084	0.237698
64812	-9.324143	-1.690785	2.848236	-0.235284	-0.270287	0.075795	-0.772511	-0.092280	-0.583123	0.233835
64813	-9.280397	-1.579109	3.147721	0.086092	-0.367713	0.106212	-0.772822	-0.093172	-0.584097	0.229992
64814	-9.200414	-1.739542	3.086938	-0.017681	-0.568927	0.029995	-0.772824	-0.094531	-0.585316	0.226301
64815	-9.354998	-1.621702	2.880984	-0.170441	-0.418696	0.098977	-0.772810	-0.096587	-0.586386	0.222681
64816	-9.536081	-1.104243	2.879649	0.018762	0.003647	0.209674	-0.773063	-0.098716	-0.587011	0.219197
64817	-9.590446	-1.038653	2.781578	-0.061568	0.043723	0.226564	-0.773517	-0.100531	-0.587232	0.216159
64818	-9.462696	-0.584109	3.214334	0.521414	0.192361	0.182642	-0.774692	-0.101167	-0.586909	0.212497
64819	-9.345695	-0.721088	3.804504	0.970430	-0.213686	0.254524	-0.777454	-0.097207	-0.586577	0.205045
64820	-9.008005	-1.720100	4.215555	0.981361	-1.341548	0.142759	-0.780751	-0.089491	-0.587809	0.192094
64821	-8.682251	-1.419719	5.582646	2.464420	-1.598115	0.184028	-0.782676	-0.079304	-0.592177	0.174516
64822	-10.300553	-0.434584	2.078721	-0.607250	0.710308	0.662811	-0.782002	-0.064713	-0.600581	0.153582
64823	-9.674869	-0.650217	2.390008	-0.141722	0.294197	0.168834	-0.783689	-0.043564	-0.605697	0.130633
64824	-10.905156	-0.250499	-0.248685	-2.799780	1.407957	0.638388	-0.786791	-0.019684	-0.607492	0.107362
64825	-9.911709	-1.246485	0.237159	-2.335049	0.130899	-0.097660	-0.790949	0.004020	-0.606227	0.082903
64826	-10.089374	-1.997411	-0.083140	-2.792658	-0.681152	0.062892	-0.794775	0.026162	-0.603710	0.056424
64827	-11.613754	-4.575543	-1.982824	-5.044718	-3.322644	1.288599	-0.797539	0.045350	-0.601003	0.025875
64828	-11.900698	0.340983	0.184520	-3.137467	1.297098	1.599416	-0.800210	0.060302	-0.596648	-0.006255
64829	-9.213706	-1.096509	1.741760	-0.836029	-0.366163	-0.416176	-0.800147	0.083907	-0.592471	-0.041252
64830	-8.617438	-2.506285	1.534113	-0.515063	-1.891995	-0.921842	-0.797029	0.110397	-0.588631	-0.077915
64831	-9.117933	-2.997428	1.343456	-0.480384	-2.469259	-0.453627	-0.791502	0.136842	-0.584386	-0.115295
64832	-8.785805	-3.190755	1.688499	0.262489	-2.543997	-0.665286	-0.784042	0.161503	-0.579904	-0.151350
64833	-7.905346	-4.175133	2.608441	2.011829	-2.906775	-1.197342	-0.775298	0.183331	-0.575760	-0.183857
64834	-7.976475	-4.032200	3.551701	2.958833	-2.153721	-0.919021	-0.766280	0.200179	-0.572917	-0.210973
64835	-8.555994	-2.382562	4.089844	2.471071	-0.377978	-0.359833	-0.757595	0.216725	-0.569880	-0.233060
64836	-8.141242	-2.393958	4.974642	3.282939	0.400103	-0.549067	-0.749975	0.235186	-0.565018	-0.250957
64837	-7.685851	-2.863069	5.284164	3.870737	0.563311	-0.874857	-0.744008	0.253393	-0.558518	-0.265146
64838	-7.143179	-2.245164	5.975228	3.936067	1.795036	-1.265869	-0.740313	0.268678	-0.551114	-0.275721
64839	-6.832353	-1.654660	6.246200	3.600534	2.624928	-1.531691	-0.738794	0.280901	-0.543169	-0.283276
64840	-6.170714	-1.511333	6.350220	3.548037	2.998003	-2.124563	-0.739033	0.289677	-0.535510	-0.288352
64841	-5.623272	-1.350519	6.257604	3.366228	3.169568	-2.655627	-0.739899	0.295084	-0.529521	-0.291687
64842	-5.615756	-1.855394	5.437721	3.163475	2.241973	-2.776093	-0.741583	0.295530	-0.525924	-0.293462
64843	-10.249594	-11.363025	3.040556	7.631042	-6.150092	2.326339	-0.738609	0.303236	-0.524216	-0.296147
64844	-21.934116	15.505574	-8.559580	-22.402703	1.244405	7.249981	-0.762921	0.217968	-0.539420	-0.281899
64845	-5.714757	13.751485	8.053959	-6.062963	14.157216	-2.809250	-0.748787	0.276075	-0.519938	-0.304573
64846	-10.862444	-8.712444	-2.537072	1.993475	-9.435691	0.547110	-0.753717	0.270999	-0.515430	-0.304635
64847	-10.543942	9.056715	9.065041	-4.137150	10.720570	2.159129	-0.756849	0.264218	-0.515971	-0.301896
64848	-9.450332	-5.046135	1.689556	2.068019	-3.733078	0.157609	-0.753723	0.281757	-0.509676	-0.304541
64849	-9.207150	-0.019826	4.794761	0.160346	1.999170	0.372563	-0.756014	0.278885	-0.510146	-0.300694
64850	-9.404141	-2.960152	2.443151	0.865806	-1.665813	0.169504	-0.755652	0.283977	-0.507884	-0.300668
64851	-9.087235	-2.801253	2.845695	1.034705	-1.167798	-0.010222	-0.756216	0.285681	-0.506279	-0.300342
64852	-9.174050	-1.589099	3.014307	0.162458	-0.268279	-0.031275	-0.757300	0.285576	-0.504876	-0.300072
64853	-9.398222	-0.562579	3.342437	-0.516401	0.594508	0.146969	-0.758313	0.285741	-0.503459	-0.299736
64854	-9.363464	-0.684409	3.388128	-0.422460	0.552664	0.144133	-0.759195	0.286343	-0.502193	-0.299055
64855	-9.240857	-1.265569	3.131399	-0.130765	0.008920	0.025175	-0.759992	0.286668	-0.501377	-0.298085
64856	-9.152539	-1.516903	2.933029	-0.060776	-0.287250	-0.087137	-0.761066	0.286641	-0.500250	-0.297263
64857	-9.028999	-1.593388	3.019762	0.054211	-0.260631	-0.163350	-0.762221	0.286441	-0.498961	-0.296663
64858	-9.047494	-1.404511	3.465562	0.136275	0.178098	-0.025474	-0.763318	0.286236	-0.497672	-0.296204
64859	-9.137120	-1.128397	3.402662	-0.164323	0.287442	-0.003066	-0.764265	0.286144	-0.496616	-0.295623
64860	-9.103823	-1.245097	3.534669	-0.019735	0.312636	0.027309	-0.765050	0.286751	-0.495426	-0.295000
64861	-9.066053	-1.481686	3.501571	0.118614	0.145212	0.016580	-0.765699	0.287387	-0.494466	-0.294308
64862	-9.095419	-1.679110	3.337680	0.134146	-0.102300	0.018776	-0.766176	0.288012	-0.493701	-0.293738
64863	-9.092627	-1.615102	3.304090	0.045578	-0.079177	-0.004882	-0.766699	0.288451	-0.492910	-0.293273
64864	-9.064075	-1.548656	3.449655	0.071579	0.079512	0.007926	-0.767083	0.288744	-0.492351	-0.292920
64865	-9.043729	-1.663864	3.550445	0.209993	0.085236	0.041843	-0.767256	0.289002	-0.492090	-0.292649
64866	-9.121410	-1.625046	3.426402	0.077309	0.009452	0.065321	-0.767317	0.289069	-0.492056	-0.292481
64867	-9.133903	-1.612095	3.399098	0.046105	-0.003344	0.065509	-0.767316	0.289102	-0.492010	-0.292529
64868	-9.058603	-1.719303	3.329764	0.111839	-0.115379	-0.010861	-0.767307	0.288903	-0.491999	-0.292766
64869	-9.085556	-1.466878	3.370504	-0.057060	0.069232	-0.012111	-0.767239	0.288657	-0.492015	-0.293161
64870	-9.054698	-1.507800	3.331232	-0.034439	0.011109	-0.047607	-0.767150	0.288429	-0.492001	-0.293640
64871	-9.007468	-1.591353	3.356541	0.063980	-0.024493	-0.069559	-0.766992	0.288189	-0.492078	-0.294160
64872	-9.053824	-1.442704	3.282496	-0.096941	0.002585	-0.075209	-0.766780	0.287924	-0.492198	-0.294771
64873	-9.031548	-1.517540	3.352227	0.015588	0.002096	-0.060305	-0.766489	0.287782	-0.492345	-0.295418
64874	-9.055719	-1.402366	3.448488	-0.012861	0.138226	-0.022618	-0.766238	0.287549	-0.492529	-0.295990
64875	-9.134823	-1.245565	3.359094	-0.197861	0.155167	-0.003676	-0.765948	0.287381	-0.492745	-0.296545
64876	-9.104533	-1.238374	3.341221	-0.196051	0.147705	-0.038763	-0.765627	0.287599	-0.492671	-0.297284
64877	-9.169788	-1.634467	3.296466	0.055718	-0.156075	0.066367	-0.765232	0.288016	-0.492463	-0.298240
64878	-8.996382	-1.497174	3.384514	0.065444	0.022684	-0.085070	-0.765056	0.287997	-0.492272	-0.299023
64879	-9.108839	-1.515306	3.363294	0.036218	-0.028272	0.014658	-0.764525	0.288271	-0.492387	-0.299928
64880	-9.074258	-1.128271	3.430306	-0.195958	0.274710	-0.052140	-0.764354	0.288188	-0.492425	-0.300380
64881	-9.112343	-1.083950	3.362355	-0.277100	0.245471	-0.046514	-0.764091	0.288528	-0.492431	-0.300714
64882	-9.032981	-1.499167	3.381754	0.072592	0.012523	-0.051895	-0.763684	0.289369	-0.492304	-0.301147
64883	-9.135066	-1.521566	3.294011	0.009648	-0.077482	0.016301	-0.763177	0.289783	-0.492495	-0.301722
64884	-9.119720	-1.777072	3.403511	0.280651	-0.152839	0.077157	-0.762347	0.290429	-0.492613	-0.303003
64885	-9.174717	-1.593768	3.374280	0.124723	-0.068958	0.090895	-0.761609	0.290395	-0.492923	-0.304384
64886	-9.153460	-1.704032	3.451062	0.285526	-0.083468	0.112573	-0.760229	0.290706	-0.493544	-0.306521
64887	-9.130447	-1.600036	3.350021	0.191889	-0.100306	0.041286	-0.759222	0.290019	-0.494296	-0.308452
64888	-9.117945	-1.568932	3.306268	0.187621	-0.127237	0.009650	-0.757834	0.289595	-0.495277	-0.310681
64889	-9.203856	-1.476256	3.396407	0.183296	-0.032505	0.106539	-0.756692	0.288834	-0.496172	-0.312740
64890	-9.161416	-1.812389	3.395714	0.499936	-0.253662	0.108635	-0.755233	0.288086	-0.497471	-0.314886
64891	-9.184902	-1.291923	3.491363	0.201898	0.123304	0.095128	-0.753737	0.286836	-0.499104	-0.317019
64892	-9.268691	-1.215661	3.534410	0.203225	0.169668	0.177712	-0.752092	0.285701	-0.500937	-0.319052
64893	-9.257890	-0.985625	3.566153	0.109309	0.325906	0.151194	-0.750251	0.284872	-0.502798	-0.321195
64894	-9.162167	-0.261786	4.148121	-0.042178	1.224431	0.173280	-0.747929	0.285366	-0.503536	-0.324994
64895	-8.955421	-0.952426	4.202711	0.608585	0.879329	0.067892	-0.743653	0.290543	-0.501190	-0.333728
64896	-8.929322	-1.246244	3.943597	0.711010	0.524084	-0.011788	-0.737605	0.298315	-0.497031	-0.346276
64897	-9.059025	-1.062716	3.785393	0.445783	0.494717	0.040282	-0.730151	0.307731	-0.491623	-0.361232
64898	-8.551125	-1.045512	4.547142	0.931265	1.289449	-0.202244	-0.719191	0.319884	-0.487627	-0.377702
64899	-9.386266	-0.246101	3.567415	-0.377388	0.767754	0.195136	-0.705484	0.334659	-0.483600	-0.395508
64900	-10.254059	0.219422	1.583320	-1.736844	-0.887041	0.380295	-0.688827	0.355799	-0.474291	-0.417101
64901	-10.828187	0.573453	-0.325469	-2.738284	-2.672146	0.338250	-0.673291	0.376385	-0.458330	-0.441529
64902	-10.515382	0.184325	-0.067848	-2.102461	-2.688472	0.135051	-0.657903	0.393923	-0.439164	-0.468105
64903	-10.803556	-0.420363	-0.481160	-1.452138	-3.510983	0.320450	-0.640611	0.409346	-0.420095	-0.495554
64904	-12.318608	-0.059626	-1.544977	-1.816819	-5.098510	1.359687	-0.621279	0.421799	-0.403925	-0.522440
64905	-12.228422	-0.159924	-2.059505	-1.242941	-5.754115	1.101600	-0.600222	0.433560	-0.388181	-0.548703
64906	-10.689197	-0.538198	-1.016229	-0.263994	-4.371525	0.004969	-0.576898	0.445852	-0.373302	-0.573629
64907	-10.138349	-0.525021	-0.810427	0.149558	-3.985916	-0.442775	-0.551388	0.458715	-0.359667	-0.596818
64908	-10.310439	-1.368275	-1.321545	1.465901	-4.274194	-0.352846	-0.524857	0.471187	-0.347804	-0.617690
64909	-10.023891	-1.511454	-0.893497	1.890160	-3.535352	-0.459918	-0.498932	0.481908	-0.339587	-0.635227
64910	-10.316893	-1.286796	-0.314290	1.843448	-2.890270	0.007021	-0.473496	0.492160	-0.334293	-0.649483
64911	-10.723252	-1.155826	-0.362850	2.040275	-2.783685	0.411269	-0.448298	0.502890	-0.329683	-0.661391
64912	-10.446808	-1.484673	0.079064	2.369897	-1.850708	0.301233	-0.423126	0.514128	-0.324982	-0.671583
64913	-9.801433	-1.912812	0.506726	2.642434	-0.780770	-0.201265	-0.398091	0.525280	-0.320657	-0.680281
64914	-9.271161	-2.082935	0.598908	2.761987	-0.146730	-0.702796	-0.373324	0.536109	-0.316941	-0.687580
64915	-8.356904	-2.770366	0.921441	3.072454	1.002056	-1.572124	-0.349105	0.546825	-0.313450	-0.693439
64916	-6.618694	-3.891144	1.937695	3.102256	3.033564	-3.189485	-0.326568	0.556915	-0.311206	-0.697387
64917	-4.333734	-4.024001	3.367802	1.867074	4.728827	-5.289197	-0.306907	0.565915	-0.310952	-0.699183
64918	-16.642346	12.613976	3.845364	-9.357405	-5.994054	8.280678	-0.303370	0.569336	-0.315884	-0.695730
64919	-0.896203	-12.358739	5.550546	5.255544	12.463751	-8.879038	-0.260519	0.603749	-0.244475	-0.712635
64920	-5.785702	-5.784951	9.395467	-2.391041	10.008597	-2.789925	-0.266585	0.599846	-0.236597	-0.716337
64921	-6.327187	-11.371327	9.363373	0.607594	13.927873	-1.912385	-0.245492	0.610761	-0.186893	-0.729229
64922	-12.708920	-4.959679	-1.245879	5.745456	1.644607	2.513188	-0.256111	0.595096	-0.204992	-0.733652
64923	-12.141605	14.872427	8.213093	-13.530122	-8.431888	3.674374	-0.265323	0.585681	-0.205146	-0.737900
64924	-10.207410	0.355844	5.540860	-2.764936	1.369101	1.389353	-0.264369	0.585554	-0.186027	-0.743390
64925	-10.601453	0.450633	5.015216	-2.384219	0.602746	1.663110	-0.271635	0.582818	-0.178913	-0.744666
64926	-9.879495	-1.428814	4.872954	-1.276359	1.931555	1.051375	-0.278035	0.581003	-0.171677	-0.745425
64927	-9.973199	-0.454119	3.934473	-1.155035	0.405852	0.847954	-0.283995	0.579965	-0.165080	-0.745477
64928	-9.454335	-2.152307	2.981863	0.481254	1.144568	0.255270	-0.288896	0.579678	-0.157031	-0.745556
64929	-8.859151	-3.769966	2.575560	1.638279	2.183852	-0.227496	-0.292896	0.578786	-0.151092	-0.745915
64930	-9.118668	-2.223172	2.866866	0.512651	0.946487	-0.058089	-0.296369	0.576539	-0.148728	-0.746758
64931	-9.399844	-0.294756	3.406612	-1.018048	-0.425567	0.128691	-0.299533	0.574842	-0.146904	-0.747165
64932	-9.257048	-0.556461	3.491071	-0.952722	-0.208261	0.048277	-0.302429	0.574316	-0.144018	-0.746965
64933	-9.114927	-1.603551	3.142078	-0.093243	0.385608	-0.047029	-0.304996	0.574594	-0.141244	-0.746237
64934	-9.130830	-1.672372	2.893260	0.110194	0.236082	-0.093036	-0.307353	0.574943	-0.138925	-0.745436
64935	-9.023986	-2.110623	3.011041	0.239634	0.623341	-0.091205	-0.309206	0.575205	-0.137000	-0.744823
64936	-9.175502	-1.784998	3.215713	-0.121442	0.398007	0.063728	-0.310623	0.575478	-0.135546	-0.744288
64937	-9.381128	-1.434421	3.087894	-0.224813	-0.037652	0.164596	-0.312008	0.575473	-0.134720	-0.743862
64938	-9.360381	-1.491702	3.052039	-0.176495	-0.035754	0.143433	-0.313555	0.575237	-0.133829	-0.743556
64939	-9.275323	-1.763945	3.027420	-0.008447	0.156136	0.101135	-0.315011	0.574736	-0.133009	-0.743475
64940	-9.206312	-1.815811	3.045429	0.002044	0.197814	0.050821	-0.316265	0.573961	-0.132420	-0.743646
64941	-9.139274	-1.751549	3.163953	-0.131013	0.209347	0.012984	-0.317160	0.573211	-0.131892	-0.743938
64942	-9.188868	-1.684554	3.081205	-0.090416	0.076224	0.023614	-0.318003	0.572388	-0.131782	-0.744231
64943	-9.122257	-1.748773	3.084157	-0.049677	0.130509	-0.026664	-0.318685	0.571555	-0.131423	-0.744643
64944	-9.155704	-1.771037	2.981595	0.063537	0.061563	-0.022615	-0.319292	0.570549	-0.131186	-0.745196
64945	-9.159064	-1.611548	3.216444	-0.194614	0.049567	0.025536	-0.319898	0.569241	-0.131052	-0.745959
64946	-9.226618	-1.561807	3.285822	-0.242706	0.010024	0.102314	-0.320402	0.567882	-0.131022	-0.746784
64947	-9.151478	-1.700221	3.238245	-0.102219	0.097540	0.041574	-0.320698	0.566465	-0.130879	-0.747757
64948	-9.126225	-1.757969	3.049515	0.110486	0.028747	-0.031849	-0.320803	0.564663	-0.130785	-0.749090
64949	-9.042132	-1.769744	3.166673	0.060652	0.113096	-0.070857	-0.320675	0.562448	-0.130782	-0.750810
64950	-9.026258	-1.687358	3.215799	0.022825	0.066378	-0.083522	-0.320253	0.560135	-0.130757	-0.752721
64951	-9.052929	-1.462590	3.339254	-0.150944	-0.063040	-0.054702	-0.319860	0.557768	-0.130668	-0.754659
64952	-8.992920	-1.521991	3.446396	-0.153788	0.044705	-0.063798	-0.319472	0.555712	-0.130469	-0.756373
64953	-8.974359	-1.411494	3.603706	-0.300223	0.037014	-0.044040	-0.319007	0.553932	-0.130244	-0.757912
64954	-9.031713	-1.471164	3.523541	-0.153511	0.007028	-0.008210	-0.318539	0.552533	-0.129911	-0.759186
64955	-8.993077	-1.525067	3.520731	-0.093046	0.048137	-0.035891	-0.318077	0.551268	-0.129531	-0.760364
64956	-8.988003	-1.385522	3.639727	-0.242513	-0.003157	-0.020211	-0.317619	0.550176	-0.129297	-0.761385
64957	-8.965972	-1.345011	3.617809	-0.232034	-0.046468	-0.054090	-0.317078	0.549436	-0.128903	-0.762211
64958	-8.996476	-1.439164	3.666701	-0.189323	0.036783	0.006440	-0.316536	0.548948	-0.128591	-0.762841
64959	-8.966399	-1.598008	3.709478	-0.119545	0.191435	0.018855	-0.315816	0.548777	-0.128323	-0.763307
64960	-8.977545	-1.903300	3.683310	0.098489	0.415910	0.066732	-0.314704	0.548693	-0.128354	-0.763821
64961	-8.977661	-2.050290	3.655892	0.219566	0.532625	0.078504	-0.313081	0.548752	-0.128820	-0.764367
64962	-8.895955	-2.203519	3.604050	0.353919	0.685966	0.004983	-0.310944	0.548627	-0.130424	-0.765056
64963	-8.880443	-1.704077	3.713031	-0.009006	0.414975	-0.046418	-0.308563	0.548355	-0.133211	-0.765735
64964	-8.959513	-1.123362	3.748388	-0.343043	0.023516	-0.041993	-0.306208	0.548396	-0.136426	-0.766085
64965	-9.010606	-1.116287	3.808430	-0.363786	0.105494	0.025878	-0.303636	0.549224	-0.138939	-0.766065
64966	-9.057869	-1.104899	3.614980	-0.206685	0.051150	-0.000041	-0.301155	0.550339	-0.141787	-0.765721
64967	-9.121258	-1.019036	3.601046	-0.235090	0.032750	0.043604	-0.298550	0.551701	-0.144243	-0.765303
64968	-9.249506	-1.168991	3.498376	-0.042691	0.131026	0.144173	-0.295922	0.553103	-0.146564	-0.764870
64969	-9.230595	-1.027866	3.537096	-0.166554	0.120472	0.123544	-0.293268	0.554485	-0.148939	-0.764432
64970	-9.455528	-0.650765	3.369243	-0.220362	-0.262106	0.240406	-0.290745	0.555550	-0.150931	-0.764232
64971	-9.396480	-0.625484	3.626797	-0.440652	-0.059330	0.269011	-0.287975	0.556319	-0.153023	-0.764306
64972	-8.974066	0.223213	4.582021	-1.772269	-0.016712	0.108835	-0.283759	0.558127	-0.155878	-0.763988
64973	-9.217892	0.567351	4.695000	-2.035532	-0.238693	0.342800	-0.272424	0.562768	-0.150329	-0.765819
64974	-9.928115	0.296818	2.929770	-0.359122	-1.141707	0.473543	-0.251032	0.569236	-0.132325	-0.771650
64975	-10.379740	0.771635	1.029018	1.139357	-2.583853	0.257860	-0.222565	0.573710	-0.105788	-0.781109
64976	-10.257016	1.093661	0.447755	1.720138	-3.053244	-0.101242	-0.188494	0.574979	-0.074884	-0.792629
64977	-11.057666	1.532575	-1.066950	3.507607	-3.948206	0.078876	-0.151538	0.574328	-0.046669	-0.803122
64978	-11.359285	1.338854	-1.612391	4.590260	-3.565637	0.167651	-0.111963	0.572603	-0.021932	-0.811855
64979	-12.939586	3.787736	-0.947263	4.507376	-5.581656	1.639311	-0.071253	0.569876	-0.001917	-0.818633
64980	-11.605571	1.809164	-0.535240	4.369853	-2.905845	0.707679	-0.028790	0.567185	0.023261	-0.822759
64981	-10.870392	-0.690611	-1.378353	5.098092	0.194226	-0.092254	0.013627	0.565099	0.048106	-0.823507
64982	-10.981491	-1.664327	-1.644852	5.188577	1.758430	-0.013492	0.055301	0.563978	0.072034	-0.820781
64983	-10.030984	-3.604310	-1.459705	3.996816	4.116383	-0.713700	0.093528	0.564268	0.092807	-0.815010
64984	-10.898131	-2.348494	-1.303609	4.066151	3.318453	0.107590	0.125571	0.566913	0.105783	-0.807250
64985	-11.020942	-1.875444	-0.958205	3.570552	3.126846	0.353457	0.153216	0.570595	0.117671	-0.798185
64986	-10.479792	-2.707560	-0.371019	2.174501	3.850126	0.072951	0.178175	0.574677	0.130864	-0.787956
64987	-9.923334	-3.332721	0.028285	0.985093	4.284177	-0.313190	0.200627	0.579080	0.143637	-0.777035
64988	-9.656159	-3.208046	0.202812	0.425457	4.095330	-0.506323	0.220316	0.583885	0.155284	-0.765784
64989	-9.038039	-2.693539	0.627289	-0.144186	3.338649	-0.971954	0.237117	0.588694	0.166651	-0.754614
64990	-7.930364	-3.094722	1.261911	-1.388537	3.076691	-1.896934	0.251522	0.593169	0.178841	-0.743574
64991	-6.731700	-3.689153	1.738190	-2.562696	2.953540	-2.982624	0.263484	0.597466	0.191077	-0.732871
64992	-5.043455	-4.055788	2.674336	-3.940890	2.235069	-4.473533	0.273152	0.601363	0.203396	-0.722759
64993	-6.208528	-0.081712	2.045508	-0.888022	-0.363253	-3.346302	0.279502	0.607912	0.210744	-0.712677
64994	-13.191726	10.214997	10.050623	1.055922	-12.535638	5.054785	0.274441	0.595610	0.232406	-0.718275
64995	-4.130672	-18.500602	3.389591	-15.182355	10.487936	-4.384247	0.311302	0.563847	0.300714	-0.703377
64996	-6.532734	-17.147810	8.233790	-17.194030	4.839829	-0.568641	0.318359	0.551092	0.295438	-0.712504
64997	-10.694008	2.308954	7.027137	-0.443278	-5.422025	1.996879	0.315473	0.553071	0.277840	-0.719301
64998	-12.521244	7.962935	3.823742	6.139440	-6.116391	2.824762	0.312174	0.546325	0.267153	-0.729867
64999	-10.934886	1.931976	6.150277	0.052222	-4.023086	2.225964	0.312079	0.533357	0.270841	-0.738094
65000	-9.063002	-2.236523	7.379873	-3.925149	-2.504763	1.137712	0.311605	0.521254	0.277199	-0.744552
65001	-9.557628	-2.204205	5.550683	-2.415139	-1.070578	1.143339	0.308749	0.514584	0.278349	-0.749933
65002	-9.211783	-0.981812	5.168178	-1.200367	-1.608484	0.603718	0.305322	0.510263	0.278423	-0.754248
65003	-8.984703	-1.251956	4.073356	-0.702337	-0.672416	0.083674	0.302978	0.506667	0.281856	-0.756340
65004	-8.751108	-3.268171	2.744373	-1.408322	1.543997	-0.303404	0.301008	0.503990	0.284641	-0.757870
65005	-8.860026	-2.462484	2.905705	-0.799230	0.905821	-0.244642	0.299276	0.502320	0.284418	-0.759747
65006	-8.930318	-1.201428	3.623082	-0.211968	-0.426358	-0.112485	0.297681	0.501245	0.283838	-0.761299
65007	-9.081705	-0.746899	3.673433	0.175249	-0.737859	-0.017070	0.296005	0.500702	0.284113	-0.762206
65008	-8.990941	-1.084437	3.528821	0.005114	-0.446937	-0.103635	0.294273	0.500488	0.285328	-0.762563
65009	-8.897214	-1.517777	3.551332	-0.338343	-0.234249	-0.122153	0.292520	0.500520	0.287405	-0.762437
65010	-9.154233	-1.859680	3.256814	-0.319388	0.197949	0.072848	0.290947	0.500903	0.289407	-0.762030
65011	-9.251684	-1.872340	3.061510	-0.171412	0.322437	0.103900	0.289738	0.501089	0.290839	-0.761823
65012	-9.171574	-1.812029	3.260884	-0.259338	0.094454	0.084704	0.288923	0.501000	0.291802	-0.761822
65013	-9.177797	-1.752773	3.367460	-0.265342	-0.040807	0.115648	0.288320	0.500854	0.292454	-0.761897
65014	-9.225345	-1.609404	3.347245	-0.121884	-0.125888	0.130677	0.287866	0.500651	0.293025	-0.761983
65015	-9.113414	-1.969706	3.244354	-0.355442	0.163769	0.051730	0.287716	0.500362	0.293235	-0.762149
65016	-9.177774	-1.741828	3.162276	-0.109342	0.088124	0.048639	0.287885	0.499873	0.293064	-0.762471
65017	-9.134482	-1.744159	3.220398	-0.150487	0.053849	0.027345	0.288254	0.499217	0.292528	-0.762967
65018	-9.118743	-1.607381	3.287865	-0.084294	-0.067264	0.012460	0.288751	0.498444	0.291814	-0.763558
65019	-9.077183	-1.577872	3.322350	-0.086250	-0.093413	-0.019490	0.289355	0.497629	0.290996	-0.764173
65020	-9.052272	-1.617250	3.265985	-0.080720	-0.001717	-0.054655	0.290088	0.496767	0.290068	-0.764809
65021	-9.098178	-1.529057	3.214708	0.040012	0.018310	-0.042981	0.290955	0.495762	0.288865	-0.765586
65022	-9.069279	-1.381574	3.506637	-0.018633	-0.262493	0.005037	0.291842	0.494578	0.287826	-0.766405
65023	-9.051375	-1.613021	3.481608	-0.165386	-0.061535	0.016839	0.292782	0.493334	0.287082	-0.767127
65024	-8.959149	-1.773144	3.393568	-0.249459	0.125526	-0.073662	0.293769	0.492237	0.286189	-0.767788
65025	-9.027755	-1.301002	3.619095	0.001889	-0.301891	-0.004552	0.294769	0.491258	0.284742	-0.768569
65026	-9.071651	-1.269025	3.761151	-0.032249	-0.386395	0.081813	0.295723	0.490283	0.284215	-0.769020
65027	-8.986629	-1.738565	3.663522	-0.341157	-0.001690	0.040590	0.296796	0.489330	0.284340	-0.769168
65028	-9.027117	-2.027694	3.561424	-0.475490	0.288746	0.085525	0.298228	0.488461	0.283982	-0.769299
65029	-8.962923	-2.148844	3.458630	-0.530777	0.457866	0.006794	0.300172	0.487906	0.283445	-0.769093
65030	-9.019843	-1.748029	3.707330	-0.369900	0.060208	0.087657	0.302314	0.487686	0.281823	-0.768989
65031	-8.955670	-1.350463	3.824950	-0.181731	-0.250477	0.013911	0.304402	0.487492	0.280050	-0.768936
65032	-8.964019	-1.578594	3.604622	-0.242827	0.102096	-0.026505	0.306823	0.487254	0.279188	-0.768438
65033	-8.929140	-1.409719	3.686837	-0.197826	-0.036120	-0.052105	0.309036	0.487329	0.277539	-0.768101
65034	-8.881047	-1.401410	3.581874	-0.174645	0.064035	-0.136324	0.311327	0.487517	0.276450	-0.767449
65035	-9.067963	-1.058004	3.759697	0.014597	-0.213867	0.058304	0.313650	0.487787	0.274957	-0.766868
65036	-8.968146	-1.196084	4.007427	-0.292058	-0.292143	0.074018	0.316067	0.487905	0.274029	-0.766132
65037	-8.999379	-1.062875	3.990265	-0.204461	-0.328357	0.081296	0.318276	0.488663	0.272867	-0.765148
65038	-9.138861	-0.536446	4.368681	-0.017894	-0.887960	0.291910	0.320645	0.489733	0.271896	-0.763820
65039	-8.821244	0.003254	5.424650	-0.361723	-2.081538	0.325216	0.325001	0.492085	0.273667	-0.759824
65040	-9.490063	0.940825	4.214141	1.189242	-1.676695	0.408818	0.336309	0.492783	0.284902	-0.750261
65041	-9.859561	0.590374	2.978257	1.682209	-0.476194	0.354555	0.358338	0.484895	0.305274	-0.737074
65042	-10.570651	0.341915	0.580207	2.782961	1.833223	0.241299	0.386755	0.472919	0.327687	-0.720687
65043	-10.936985	0.773683	-0.364652	3.451369	2.767012	0.225534	0.420279	0.456452	0.348795	-0.702395
65044	-11.489231	-0.428146	-0.922351	2.314417	4.199883	0.676157	0.456166	0.439455	0.366797	-0.681360
65045	-12.960777	1.435360	-1.064729	3.884212	4.585436	1.806882	0.491644	0.424685	0.379061	-0.658970
65046	-11.421335	-0.151955	-0.534357	1.461239	4.309321	0.676530	0.526165	0.407069	0.393589	-0.634454
65047	-10.524910	-2.220003	-1.483227	-1.144286	5.232704	-0.368986	0.557734	0.390283	0.408021	-0.608383
65048	-10.744293	-3.000974	-1.965484	-2.470917	5.639474	-0.306429	0.585457	0.373446	0.424052	-0.581341
65049	-10.426310	-4.910238	-1.228207	-4.795650	4.392763	-0.220781	0.607211	0.358830	0.439821	-0.555961
65050	-9.886731	-4.366134	-1.436275	-4.601881	4.061964	-0.802706	0.620442	0.352252	0.451565	-0.535779
65051	-10.028944	-2.390746	-0.454812	-2.666419	3.261754	-0.392177	0.627310	0.349163	0.462701	-0.520073
65052	-9.307026	-2.949666	0.221071	-3.104900	2.016618	-0.776263	0.630853	0.346455	0.474409	-0.506883
65053	-8.571698	-3.057786	0.833981	-3.021581	0.949289	-1.240439	0.632805	0.344644	0.485559	-0.494986
65054	-8.014514	-2.920795	1.385308	-2.678754	0.094193	-1.597220	0.633672	0.343769	0.495852	-0.484163
65055	-7.246722	-2.836072	1.906325	-2.358596	-0.760734	-2.193787	0.633031	0.344030	0.505104	-0.475168
65056	-5.931697	-3.099909	2.944809	-2.158582	-2.284236	-3.210647	0.630180	0.345541	0.513637	-0.468670
65057	-4.368570	-3.051430	4.426808	-1.494615	-4.105363	-4.436550	0.625174	0.347446	0.521824	-0.464908
65058	-7.185891	2.336078	4.189950	3.479823	-1.622238	-2.072810	0.617905	0.355343	0.526511	-0.463370
65059	-16.849580	2.421704	9.827912	5.901159	-4.716986	8.329280	0.617337	0.324341	0.545633	-0.464739
65060	-3.511864	-20.595130	6.797357	-16.133329	-13.242663	-2.956663	0.636020	0.313475	0.540724	-0.452581
65061	-8.401049	9.664038	14.100878	14.380719	-6.710659	0.719383	0.641174	0.320438	0.523686	-0.460400
65062	-10.452313	-3.402485	3.228421	-2.128949	-1.482827	1.346032	0.652622	0.304570	0.524357	-0.454281
65063	-11.856269	6.600434	6.477802	8.175700	0.269823	2.803896	0.654076	0.309169	0.509930	-0.465372
65064	-9.640827	1.943592	6.621405	4.003680	-2.135280	1.140367	0.657369	0.297062	0.509795	-0.468752
65065	-9.004015	-2.967816	4.550419	-1.189777	-2.254871	0.389460	0.658008	0.289708	0.509065	-0.473230
65066	-9.074655	-1.986626	3.662143	-0.604695	-0.954946	0.108448	0.657633	0.287236	0.506840	-0.477628
65067	-9.277281	-1.040181	3.277989	0.131784	-0.098368	0.080106	0.657457	0.283692	0.506027	-0.480838
65068	-8.860679	-2.701275	2.842523	-1.514448	-0.425758	-0.251672	0.657549	0.280184	0.505212	-0.483619
65069	-8.765971	-2.504691	2.992601	-1.253034	-0.437679	-0.309564	0.657843	0.278446	0.503346	-0.486162
65070	-9.025808	-1.201124	3.245328	0.029961	-0.002343	-0.146308	0.658373	0.277717	0.500972	-0.488309
65071	-9.040204	-0.414614	4.131520	1.094440	-0.401969	0.066941	0.658682	0.276464	0.499306	-0.490305
65072	-9.210711	-0.665555	3.838689	0.759671	-0.140050	0.158209	0.658323	0.274495	0.499406	-0.491790
65073	-9.169770	-1.316431	3.381050	0.015571	0.027472	0.048751	0.657822	0.272431	0.499642	-0.493366
65074	-9.099984	-1.978825	3.339718	-0.574288	-0.171924	0.062513	0.657648	0.270296	0.499614	-0.494797
65075	-9.078144	-2.187353	3.322456	-0.751675	-0.203006	0.068080	0.657771	0.268846	0.498931	-0.496112
65076	-9.058609	-1.878183	3.396263	-0.438524	-0.117363	0.031821	0.658466	0.267882	0.497465	-0.497182
65077	-9.098360	-1.411285	3.576862	0.049387	-0.040896	0.064638	0.659133	0.267080	0.495918	-0.498274
65078	-8.976137	-1.520486	3.796180	0.028780	-0.277600	0.047126	0.659735	0.266060	0.494964	-0.498971
65079	-9.013657	-1.720363	3.587151	-0.245449	-0.128047	0.035997	0.660635	0.265028	0.493901	-0.499384
65080	-8.833808	-1.837685	3.612640	-0.347877	-0.239247	-0.102582	0.661075	0.264446	0.493405	-0.499599
65081	-8.957809	-1.737034	3.728950	-0.221045	-0.231180	0.039334	0.661994	0.263927	0.492339	-0.499709
65082	-8.895734	-1.710420	3.763353	-0.195198	-0.256851	-0.008691	0.662758	0.263386	0.491858	-0.499456
65083	-9.012164	-1.356670	3.582024	0.038331	0.087821	-0.020788	0.663493	0.263534	0.490568	-0.499671
65084	-9.068500	-1.063234	3.907355	0.420381	-0.039077	0.109878	0.663977	0.263158	0.490107	-0.499677
65085	-9.010328	-1.710050	3.555040	-0.316028	0.008130	0.018316	0.664589	0.262200	0.489757	-0.499711
65086	-9.023646	-1.472214	3.900220	0.036948	-0.168617	0.125898	0.664969	0.261692	0.489213	-0.500004
65087	-8.975690	-1.814445	3.688978	-0.365263	-0.122245	0.052169	0.665740	0.260887	0.488786	-0.499816
65088	-8.836383	-1.997413	3.751862	-0.516709	-0.284963	-0.024962	0.666509	0.260761	0.487921	-0.499703
65089	-8.795630	-1.672196	4.053241	-0.116480	-0.423254	0.005426	0.667065	0.261174	0.487138	-0.499508
65090	-8.709867	-1.689452	3.972345	-0.183726	-0.397431	-0.101673	0.667480	0.261936	0.486450	-0.499227
65091	-8.694454	-1.441403	4.007368	0.038697	-0.349826	-0.137656	0.667546	0.263039	0.486192	-0.498810
65092	-8.765003	-1.220897	3.936939	0.196868	-0.198332	-0.130889	0.667423	0.264179	0.486270	-0.498294
65093	-8.796161	-1.310168	3.864186	0.077065	-0.179984	-0.118228	0.667231	0.265079	0.486678	-0.497675
65094	-8.944605	-1.308888	3.723107	0.014300	-0.024721	-0.036195	0.666966	0.265962	0.487157	-0.497090
65095	-9.067955	-1.206740	3.581124	0.044704	0.161802	0.009750	0.666838	0.266645	0.487417	-0.496640
65096	-9.045192	-1.309772	3.676359	-0.015944	0.022115	0.038499	0.666895	0.266974	0.487507	-0.496299
65097	-8.973736	-1.401056	3.773548	-0.065302	-0.129030	0.021418	0.667014	0.267369	0.487396	-0.496035
65098	-9.039155	-1.311351	3.747965	-0.003349	-0.052294	0.060025	0.667225	0.267647	0.487177	-0.495818
65099	-9.043158	-1.130580	3.745184	0.152856	0.018394	0.039196	0.667435	0.267839	0.486875	-0.495728
65100	-9.006143	-1.134850	3.771828	0.154842	-0.017715	0.015888	0.667596	0.267754	0.486667	-0.495761
65101	-8.970743	-1.168594	3.737008	0.109682	-0.009499	-0.025300	0.667725	0.267476	0.486511	-0.495891
65102	-8.946709	-1.223939	3.789205	0.081844	-0.075684	-0.020483	0.667825	0.267046	0.486430	-0.496067
65103	-8.890139	-1.354271	3.769260	-0.040482	-0.120977	-0.062833	0.667982	0.266501	0.486358	-0.496218
65104	-8.906037	-1.506996	3.805519	-0.164307	-0.194158	-0.014432	0.668090	0.266205	0.486279	-0.496310
65105	-8.976441	-1.401993	3.755376	-0.090336	-0.078228	0.017401	0.668269	0.265984	0.486059	-0.496402
65106	-8.931991	-1.351910	3.819833	-0.020412	-0.124176	-0.005373	0.668477	0.265831	0.485749	-0.496508
65107	-8.929870	-1.316985	3.813452	0.005988	-0.099466	-0.014243	0.668666	0.265619	0.485502	-0.496609
65108	-8.867993	-1.362867	3.844309	-0.024103	-0.161407	-0.053036	0.668775	0.265514	0.485312	-0.496703
65109	-8.851487	-1.386552	3.848539	-0.044621	-0.177509	-0.063375	0.668813	0.265452	0.485290	-0.496707
65110	-8.901748	-1.336000	3.779905	-0.026923	-0.080506	-0.050183	0.668812	0.265443	0.485311	-0.496692
65111	-8.905290	-1.402671	3.817642	-0.072499	-0.137387	-0.023820	0.668729	0.265534	0.485440	-0.496630
65112	-8.906780	-1.381305	3.829497	-0.047448	-0.143189	-0.020802	0.668655	0.265704	0.485594	-0.496489
65113	-8.835022	-1.512033	3.937066	-0.122436	-0.317849	-0.028602	0.668537	0.266007	0.485795	-0.496288
65114	-8.947172	-1.307207	3.781359	-0.001848	-0.076108	-0.011996	0.668374	0.266604	0.485914	-0.496071
65115	-8.948023	-1.279683	3.774342	0.018492	-0.071054	-0.017538	0.668218	0.267003	0.486171	-0.495815
65116	-9.010789	-1.274271	3.781789	0.023343	-0.060847	0.042045	0.668048	0.267457	0.486343	-0.495630
65117	-8.996796	-1.192495	3.722756	0.074747	0.004667	-0.003627	0.667912	0.267756	0.486511	-0.495487
65118	-8.989016	-1.286969	3.712582	-0.015123	-0.032082	-0.002453	0.667799	0.267919	0.486713	-0.495352
65119	-8.972430	-1.342160	3.707870	-0.065902	-0.060814	-0.012373	0.667722	0.268045	0.486876	-0.495228
65120	-8.988840	-1.243313	3.721197	0.030308	-0.032660	-0.005017	0.667650	0.268172	0.486979	-0.495155
65121	-8.971159	-1.332073	3.731609	-0.046007	-0.085094	-0.005973	0.667611	0.268240	0.487080	-0.495072
65122	-8.977878	-1.293396	3.790011	0.012519	-0.119599	0.017109	0.667576	0.268339	0.487142	-0.495004
65123	-8.985489	-1.283178	3.726048	-0.003538	-0.061599	-0.001205	0.667542	0.268408	0.487201	-0.494954
65124	-8.988125	-1.244179	3.771711	0.050383	-0.085109	0.013318	0.667534	0.268399	0.487202	-0.494970
65125	-8.989368	-1.262803	3.754355	0.026928	-0.077111	0.010342	0.667521	0.268375	0.487239	-0.494963
65126	-8.988649	-1.277139	3.783150	0.026537	-0.106538	0.022305	0.667510	0.268277	0.487285	-0.494986
65127	-8.956132	-1.331339	3.726618	-0.043090	-0.091469	-0.021762	0.667480	0.268235	0.487312	-0.495022
65128	-8.967076	-1.267540	3.742236	0.022819	-0.075891	-0.014057	0.667438	0.268184	0.487362	-0.495058
65129	-8.955808	-1.346633	3.754130	-0.042894	-0.119827	-0.009768	0.667422	0.268093	0.487432	-0.495059
65130	-8.983401	-1.363419	3.760816	-0.055226	-0.120235	0.020249	0.667398	0.268076	0.487442	-0.495091
65131	-8.987660	-1.296613	3.748200	0.001151	-0.083122	0.010822	0.667373	0.268119	0.487428	-0.495115
65132	-8.965331	-1.199935	3.698929	0.071932	-0.013721	-0.040598	0.667352	0.268022	0.487453	-0.495172
65133	-9.003070	-1.273413	3.745848	0.023922	-0.063717	0.021111	0.667322	0.267880	0.487472	-0.495269
65134	-8.978921	-1.346252	3.762750	-0.032761	-0.111852	0.014730	0.667313	0.267683	0.487494	-0.495368
65135	-8.993425	-1.356920	3.774900	-0.036035	-0.117110	0.034027	0.667311	0.267542	0.487457	-0.495483
65136	-8.947968	-1.251029	3.688499	0.029513	-0.019616	-0.053847	0.667325	0.267412	0.487395	-0.495596
65137	-8.972305	-1.264378	3.744160	0.040303	-0.057516	-0.008876	0.667342	0.267177	0.487371	-0.495723
65138	-8.973751	-1.302068	3.774277	0.020338	-0.090789	0.008723	0.667377	0.266860	0.487324	-0.495892
65139	-8.966882	-1.385893	3.818821	-0.035996	-0.156172	0.030248	0.667409	0.266582	0.487278	-0.496044
65140	-8.985485	-1.317343	3.791393	0.017608	-0.094669	0.028030	0.667451	0.266353	0.487209	-0.496178
65141	-8.977951	-1.303891	3.737012	0.010190	-0.041357	-0.001104	0.667509	0.266087	0.487103	-0.496347
65142	-8.978848	-1.308295	3.755921	0.015533	-0.050836	0.007469	0.667577	0.265729	0.486975	-0.496572
65143	-8.989817	-1.335410	3.802491	0.010451	-0.086498	0.038783	0.667706	0.265333	0.486777	-0.496805
65144	-8.993705	-1.327146	3.809304	0.021930	-0.076509	0.043910	0.667828	0.264925	0.486506	-0.497124
65145	-8.966794	-1.353999	3.792395	-0.008258	-0.070891	0.016548	0.667984	0.264495	0.486157	-0.497485
65146	-8.959147	-1.375729	3.772609	-0.036562	-0.052279	0.005023	0.668131	0.264145	0.485724	-0.497895
65147	-8.923403	-1.394229	3.774202	-0.052857	-0.062348	-0.024485	0.668130	0.263941	0.485309	-0.498410
65148	-8.919008	-1.286618	3.852053	0.074782	-0.076223	-0.013147	0.668273	0.263656	0.484806	-0.498858
65149	-8.926346	-1.349881	3.855850	0.016853	-0.086749	0.003707	0.668366	0.263282	0.484472	-0.499256
65150	-8.910425	-1.364654	3.852583	0.001738	-0.083321	-0.009964	0.668551	0.262897	0.484066	-0.499605
65151	-8.886271	-1.425053	3.862900	-0.048961	-0.112024	-0.019647	0.668719	0.262459	0.483830	-0.499839
65152	-8.905614	-1.390297	3.868927	-0.016321	-0.084659	-0.004321	0.668923	0.262147	0.483434	-0.500114
65153	-8.868150	-1.401689	3.915211	-0.009817	-0.131466	-0.018796	0.669097	0.261862	0.483052	-0.500399
65154	-8.885832	-1.383038	3.889865	-0.006103	-0.086747	-0.015020	0.669293	0.261654	0.482739	-0.500547
65155	-8.892252	-1.408100	3.863881	-0.043304	-0.063161	-0.015821	0.669459	0.261515	0.482334	-0.500788
65156	-8.861036	-1.399614	3.953710	-0.003347	-0.139417	-0.010175	0.669595	0.261417	0.481956	-0.501021
65157	-8.858263	-1.397761	3.960575	-0.002806	-0.138392	-0.010160	0.669690	0.261375	0.481631	-0.501229
65158	-8.869810	-1.389921	3.933004	-0.009587	-0.102436	-0.011496	0.669760	0.261310	0.481421	-0.501371
65159	-8.864222	-1.368714	3.938905	0.010799	-0.097443	-0.017118	0.669806	0.261237	0.481258	-0.501504
65160	-8.858995	-1.347698	3.943909	0.030836	-0.092531	-0.022744	0.669857	0.261187	0.481128	-0.501587
65161	-8.904776	-1.359050	3.950644	0.020137	-0.079433	0.023111	0.669896	0.261136	0.480941	-0.501740
65162	-8.873176	-1.373358	3.943683	0.003419	-0.089824	-0.006367	0.669852	0.261258	0.480775	-0.501894
65163	-8.898009	-1.348556	3.986137	0.039413	-0.104177	0.029571	0.669805	0.261426	0.480571	-0.502066
65164	-8.756851	-1.241459	4.331419	0.278690	-0.418945	0.022537	0.669480	0.261886	0.481227	-0.501629
65165	-9.001636	-1.403256	3.690709	-0.121095	0.131847	0.015221	0.669010	0.262430	0.482436	-0.500810
65166	-8.878559	-1.312710	3.897574	0.053926	-0.081400	-0.028336	0.668676	0.263026	0.483014	-0.500388
65167	-8.919550	-1.363070	3.868508	-0.002160	-0.078646	0.004413	0.668355	0.263601	0.483634	-0.499915
65168	-8.880066	-1.279713	3.996440	0.132372	-0.195370	0.006121	0.667917	0.264140	0.484840	-0.499046
65169	-8.996662	-1.426948	3.649362	-0.129651	0.060798	-0.000788	0.667587	0.264156	0.486158	-0.498196
65170	-8.945969	-1.346223	3.972211	0.091204	-0.224908	0.064667	0.667219	0.264155	0.487773	-0.497110
65171	-9.069751	-1.138090	3.858992	0.263500	-0.038115	0.105794	0.666531	0.263758	0.490708	-0.495352
65172	-9.026722	-1.558784	3.390155	-0.267874	0.141899	-0.049872	0.666181	0.262494	0.493401	-0.493818
65173	-8.907118	-1.496295	3.592282	-0.092885	-0.071957	-0.093312	0.665870	0.261966	0.494877	-0.493039
65174	-8.918610	-1.521459	3.674846	-0.060444	-0.160430	-0.048902	0.665620	0.261484	0.496038	-0.492466
65175	-8.985302	-1.457204	3.528805	-0.049168	0.002406	-0.050048	0.665405	0.261369	0.496682	-0.492168
65176	-8.999341	-1.462047	3.562285	-0.034612	-0.029082	-0.024248	0.665274	0.261560	0.496832	-0.492092
65177	-8.996258	-1.487366	3.603296	-0.041442	-0.077808	-0.008562	0.665223	0.261776	0.496734	-0.492145
65178	-9.019547	-1.409009	3.633521	0.040037	-0.065124	0.012492	0.665207	0.261892	0.496674	-0.492165
65179	-9.003254	-1.394248	3.669055	0.067094	-0.094732	0.008259	0.665242	0.261838	0.496642	-0.492180
65180	-8.997108	-1.431085	3.606368	0.009751	-0.057940	-0.014811	0.665264	0.261619	0.496784	-0.492123
65181	-8.942385	-1.519613	3.612333	-0.064278	-0.117490	-0.050183	0.665304	0.261433	0.496863	-0.492089
65182	-9.007632	-1.437171	3.648385	0.025340	-0.088294	0.011017	0.665331	0.261377	0.496812	-0.492132
65183	-8.977116	-1.490161	3.607300	-0.039966	-0.084589	-0.024273	0.665384	0.261329	0.496716	-0.492183
65184	-8.979275	-1.451858	3.656971	0.013608	-0.108060	-0.009788	0.665430	0.261364	0.496558	-0.492262
65185	-9.038499	-1.368119	3.619743	0.070820	-0.020615	0.019062	0.665437	0.261489	0.496435	-0.492310
65186	-9.006710	-1.430007	3.653471	0.027379	-0.084334	0.011046	0.665452	0.261488	0.496380	-0.492345
65187	-9.007474	-1.448110	3.636283	0.003454	-0.076366	0.008123	0.665453	0.261475	0.496398	-0.492333
65188	-8.987989	-1.486011	3.652587	-0.023482	-0.111807	0.001615	0.665480	0.261408	0.496409	-0.492321
65189	-8.989116	-1.437297	3.610229	0.003722	-0.056311	-0.019803	0.665503	0.261360	0.496416	-0.492309
65190	-8.949850	-1.513232	3.643553	-0.050649	-0.128634	-0.032807	0.665554	0.261292	0.496439	-0.492252
65191	-8.985227	-1.429521	3.641082	0.023052	-0.080173	-0.013282	0.665585	0.261368	0.496362	-0.492248
65192	-9.025458	-1.384052	3.618601	0.053033	-0.028545	0.008979	0.665587	0.261418	0.496373	-0.492208
65193	-8.952194	-1.472996	3.628398	-0.023737	-0.101045	-0.042017	0.665617	0.261480	0.496358	-0.492149
65194	-8.960765	-1.458290	3.626459	-0.012899	-0.091236	-0.036971	0.665664	0.261539	0.496307	-0.492106
65195	-8.999952	-1.427540	3.634215	0.015567	-0.070393	-0.002523	0.665732	0.261571	0.496214	-0.492090
65196	-8.976931	-1.481482	3.621539	-0.040042	-0.088281	-0.020536	0.665815	0.261518	0.496118	-0.492102
65197	-8.976754	-1.464299	3.595248	-0.038149	-0.056780	-0.032738	0.665948	0.261519	0.495866	-0.492176
65198	-9.002531	-1.389995	3.599021	0.024438	-0.016816	-0.018315	0.666072	0.261687	0.495434	-0.492354
65199	-8.993591	-1.448027	3.602427	-0.034909	-0.040906	-0.016972	0.666183	0.261942	0.494874	-0.492632
65200	-9.011084	-1.400096	3.594806	-0.007081	-0.003112	-0.010521	0.666335	0.262381	0.494043	-0.493027
65201	-9.014169	-1.352881	3.668036	0.051258	-0.037553	0.012584	0.666513	0.262781	0.493198	-0.493420
65202	-8.988741	-1.384882	3.637081	-0.003408	-0.025430	-0.017636	0.666743	0.262967	0.492426	-0.493781
65203	-8.967460	-1.397360	3.698888	-0.001047	-0.078653	-0.012509	0.667028	0.263011	0.491596	-0.494199
65204	-8.994309	-1.345747	3.664920	0.019022	-0.005933	-0.007595	0.667365	0.262996	0.490669	-0.494674
65205	-8.996017	-1.379620	3.678672	-0.019136	-0.013449	0.003815	0.667694	0.262971	0.489657	-0.495244
65206	-8.978455	-1.327965	3.750330	0.043426	-0.041702	0.007570	0.668020	0.262958	0.488502	-0.495951
65207	-8.963129	-1.353417	3.756889	0.009134	-0.042696	-0.000365	0.668349	0.262878	0.487353	-0.496681
65208	-8.949166	-1.342974	3.811094	0.027847	-0.067941	0.006180	0.668715	0.262651	0.486270	-0.497370
65209	-8.944704	-1.360813	3.829889	0.009219	-0.071392	0.011893	0.669025	0.262335	0.485395	-0.497974
65210	-8.923225	-1.313485	3.884556	0.066698	-0.089113	0.007014	0.669241	0.262135	0.484589	-0.498573
65211	-8.929494	-1.340187	3.880084	0.034001	-0.076476	0.014824	0.669411	0.261895	0.483958	-0.499084
65212	-8.922144	-1.301825	3.925601	0.083019	-0.088716	0.020672	0.669537	0.261694	0.483408	-0.499553
65213	-8.887246	-1.370867	3.923727	0.016224	-0.115047	-0.002257	0.669687	0.261463	0.482968	-0.499898
65214	-8.899202	-1.346177	3.929889	0.038356	-0.096982	0.007758	0.669760	0.261353	0.482651	-0.500164
65215	-8.885522	-1.357163	3.922825	0.022859	-0.093469	-0.005869	0.669887	0.261228	0.482365	-0.500335
65216	-8.903811	-1.318526	3.909991	0.050911	-0.055793	0.000502	0.669946	0.261157	0.482202	-0.500451
65217	-8.895353	-1.383110	3.910663	-0.009155	-0.079914	0.001950	0.669997	0.261072	0.482069	-0.500555
65218	-8.882758	-1.341636	3.903115	0.026226	-0.059916	-0.018127	0.670028	0.260976	0.481972	-0.500655
65219	-8.891631	-1.343866	3.947778	0.040728	-0.091391	0.007802	0.670071	0.260916	0.481885	-0.500714
65220	-8.893585	-1.348656	3.902840	0.018108	-0.053128	-0.007396	0.670091	0.260882	0.481837	-0.500752
65221	-8.885715	-1.360371	3.904247	0.008434	-0.060920	-0.012386	0.670096	0.260848	0.481824	-0.500774
65222	-8.881668	-1.339408	3.906358	0.028128	-0.056215	-0.018111	0.670114	0.260852	0.481813	-0.500759
65223	-8.878316	-1.371167	3.904910	-0.001620	-0.068488	-0.017371	0.670119	0.260857	0.481818	-0.500746
65224	-8.897393	-1.346498	3.916790	0.025304	-0.061209	0.001258	0.670114	0.260855	0.481825	-0.500746
65225	-8.881262	-1.350980	3.934588	0.028724	-0.084477	-0.005803	0.670111	0.260864	0.481836	-0.500735
65226	-8.898336	-1.344482	3.915341	0.026612	-0.059263	0.001267	0.670108	0.260874	0.481841	-0.500728
65227	-8.887834	-1.354875	3.901335	0.011579	-0.055744	-0.012358	0.670111	0.260881	0.481827	-0.500735
65228	-8.892934	-1.340620	3.885197	0.017994	-0.035134	-0.016017	0.670108	0.260894	0.481831	-0.500728
65229	-8.895434	-1.354524	3.927934	0.022332	-0.075235	0.004950	0.670098	0.260898	0.481863	-0.500709
65230	-8.911291	-1.362313	3.937850	0.018659	-0.080273	0.024328	0.670084	0.260911	0.481877	-0.500707
65231	-8.910124	-1.346451	3.892723	0.015565	-0.037995	0.003363	0.670066	0.260947	0.481896	-0.500694
65232	-8.886979	-1.329875	3.897527	0.033383	-0.046125	-0.018075	0.670054	0.260966	0.481920	-0.500678
65233	-8.882901	-1.375767	3.924331	0.002555	-0.087865	-0.004971	0.670026	0.260975	0.481959	-0.500673
65234	-8.904905	-1.356201	3.888794	0.006172	-0.042977	-0.001599	0.670002	0.261016	0.481998	-0.500645
65235	-8.901375	-1.368247	3.902179	0.000564	-0.061315	0.002088	0.669980	0.261060	0.482030	-0.500621
65236	-8.897136	-1.327497	3.919040	0.044637	-0.063092	-0.000747	0.669976	0.261102	0.482047	-0.500588
65237	-8.903493	-1.332386	3.885802	0.026840	-0.035531	-0.007336	0.669968	0.261118	0.482075	-0.500564
65238	-8.918626	-1.320664	3.911642	0.047467	-0.047323	0.014952	0.669938	0.261160	0.482104	-0.500554
65239	-8.912677	-1.351365	3.894658	0.012924	-0.047964	0.007083	0.669927	0.261178	0.482127	-0.500536
65240	-8.900548	-1.323276	3.912715	0.045877	-0.058151	-0.000722	0.669917	0.261220	0.482131	-0.500525
65241	-8.902197	-1.341855	3.894999	0.021963	-0.049884	-0.003623	0.669907	0.261211	0.482130	-0.500544
65242	-8.908459	-1.290304	3.925991	0.081885	-0.053581	0.007158	0.669889	0.261196	0.482128	-0.500578
65243	-8.925257	-1.284307	3.907004	0.079227	-0.027825	0.014178	0.669903	0.261173	0.482094	-0.500604
65244	-8.906301	-1.340922	3.907927	0.027648	-0.056129	0.005064	0.669954	0.261128	0.482033	-0.500618
65245	-8.906028	-1.286356	3.910883	0.077738	-0.038412	-0.001493	0.669945	0.261252	0.481970	-0.500626
65246	-8.905391	-1.330740	3.952594	0.051464	-0.090802	0.020367	0.669956	0.261367	0.481918	-0.500601
65247	-8.855999	-1.343908	3.987195	0.055415	-0.152303	-0.009308	0.669876	0.261528	0.482465	-0.500096
65248	-8.947419	-1.359226	3.804809	-0.029896	0.020975	0.004594	0.669807	0.261622	0.482881	-0.499738
65249	-8.908383	-1.322379	3.882650	0.038363	-0.055511	-0.005629	0.669656	0.261907	0.483179	-0.499504
65250	-8.880480	-1.382175	3.908225	-0.005106	-0.119450	-0.013032	0.669554	0.262204	0.483359	-0.499310
65251	-8.903848	-1.378294	3.833618	-0.030514	-0.057177	-0.021334	0.669337	0.262540	0.483836	-0.498962
65252	-8.880661	-1.310208	3.951227	0.082322	-0.153574	-0.006332	0.669088	0.262978	0.484335	-0.498581
65253	-8.935910	-1.363783	3.781462	-0.032216	-0.030696	-0.014330	0.668570	0.263811	0.485153	-0.498040
65254	-8.875518	-1.397861	3.788076	-0.054078	-0.098356	-0.062523	0.668218	0.264383	0.485949	-0.497433
65255	-8.976744	-1.357092	3.687051	-0.051769	0.021630	-0.013974	0.667920	0.264527	0.486888	-0.496838
65256	-8.952354	-1.408675	3.675303	-0.094164	-0.011953	-0.033739	0.667763	0.264516	0.487503	-0.496453
65257	-8.969996	-1.347562	3.695779	-0.023642	-0.007372	-0.018050	0.667679	0.264430	0.487938	-0.496184
65258	-8.954576	-1.349784	3.754568	0.002586	-0.067397	-0.009699	0.667686	0.264319	0.488150	-0.496024
65259	-8.990999	-1.287706	3.730857	0.052382	-0.011685	0.006308	0.667649	0.264239	0.488356	-0.495914
65260	-8.943864	-1.286679	3.798231	0.085450	-0.090255	-0.011700	0.667591	0.264155	0.488724	-0.495675
65261	-8.961339	-1.320754	3.723538	0.029918	-0.040767	-0.019212	0.667472	0.264107	0.489275	-0.495317
65262	-8.957667	-1.368093	3.727756	-0.006129	-0.071360	-0.014601	0.667374	0.264136	0.489670	-0.495043
65263	-9.012212	-1.299685	3.680357	0.040549	0.007925	0.008334	0.667279	0.264176	0.490078	-0.494745
65264	-8.984394	-1.382918	3.691084	-0.027503	-0.049147	-0.001840	0.667254	0.264165	0.490273	-0.494591
65265	-9.003818	-1.271849	3.690264	0.074140	-0.001386	0.000513	0.667216	0.264270	0.490316	-0.494544
65266	-8.986746	-1.345889	3.673309	-0.001429	-0.023540	-0.011378	0.667206	0.264416	0.490191	-0.494604
65267	-8.990215	-1.343194	3.689050	0.003880	-0.033034	-0.002686	0.667238	0.264552	0.489923	-0.494754
65268	-8.987601	-1.281863	3.741043	0.076960	-0.052657	0.006012	0.667264	0.264674	0.489738	-0.494837
65269	-8.977458	-1.328799	3.696907	0.013078	-0.035862	-0.013395	0.667326	0.264730	0.489541	-0.494918
65270	-8.971196	-1.301041	3.747867	0.055918	-0.068194	-0.003825	0.667386	0.264786	0.489341	-0.495005
65271	-8.991040	-1.298733	3.700703	0.035039	-0.016429	-0.003548	0.667456	0.264806	0.489060	-0.495177
65272	-8.986777	-1.348354	3.687839	-0.019084	-0.021429	-0.005570	0.667578	0.264760	0.488774	-0.495320
65273	-8.982774	-1.307715	3.727605	0.029863	-0.034160	0.000229	0.667712	0.264712	0.488354	-0.495578
65274	-8.991456	-1.313086	3.732902	0.021369	-0.028198	0.010946	0.667854	0.264653	0.487841	-0.495924
65275	-8.967869	-1.282146	3.734292	0.045289	-0.016701	-0.014261	0.667987	0.264587	0.487292	-0.496321
65276	-8.951411	-1.286694	3.777027	0.053090	-0.051189	-0.012492	0.668126	0.264510	0.486817	-0.496641
65277	-8.963276	-1.294307	3.796683	0.049795	-0.056145	0.006921	0.668249	0.264340	0.486446	-0.496929
65278	-8.952460	-1.306745	3.805244	0.038740	-0.063764	0.002018	0.668370	0.264195	0.486123	-0.497158
65279	-8.946715	-1.339608	3.809667	0.008870	-0.075282	0.002916	0.668448	0.264058	0.485921	-0.497323
65280	-8.947559	-1.287595	3.831135	0.063918	-0.068692	0.004924	0.668484	0.264008	0.485751	-0.497468
65281	-8.939742	-1.318919	3.818318	0.029091	-0.069596	-0.002876	0.668521	0.263953	0.485654	-0.497543
65282	-8.966703	-1.301237	3.813735	0.041857	-0.046124	0.017658	0.668525	0.263964	0.485572	-0.497612
65283	-8.939486	-1.317743	3.819323	0.029768	-0.067760	-0.002865	0.668502	0.263969	0.485584	-0.497628
65284	-8.960415	-1.331801	3.797619	0.007824	-0.046782	0.009858	0.668475	0.263998	0.485600	-0.497633
65285	-8.959370	-1.292297	3.829196	0.056552	-0.059514	0.015657	0.668435	0.264069	0.485608	-0.497641
65286	-8.950003	-1.322512	3.797816	0.017185	-0.049926	-0.000847	0.668387	0.264098	0.485683	-0.497617
65287	-8.922800	-1.319590	3.817871	0.029045	-0.077772	-0.018458	0.668350	0.264170	0.485700	-0.497612
65288	-8.936760	-1.311883	3.782485	0.021735	-0.042083	-0.020258	0.668290	0.264275	0.485776	-0.497563
65289	-8.935077	-1.343235	3.777923	-0.007977	-0.053945	-0.019343	0.668198	0.264386	0.485902	-0.497504
65290	-8.954935	-1.298475	3.802251	0.043271	-0.053374	0.002061	0.668095	0.264528	0.486018	-0.497454
65291	-8.967117	-1.342290	3.747663	-0.018697	-0.023135	-0.001723	0.668022	0.264664	0.486124	-0.497375
65292	-8.963049	-1.281908	3.778693	0.049788	-0.031675	-0.001746	0.667952	0.264776	0.486225	-0.497312
65293	-8.980240	-1.289022	3.785930	0.045942	-0.036581	0.017680	0.667894	0.264868	0.486300	-0.497268
65294	-8.979184	-1.306428	3.751824	0.017306	-0.018292	0.006072	0.667833	0.264950	0.486428	-0.497181
65295	-8.964795	-1.344109	3.780505	-0.004918	-0.064891	0.008828	0.667783	0.265043	0.486483	-0.497143
65296	-8.969305	-1.276674	3.765595	0.051022	-0.027994	-0.001742	0.667730	0.265140	0.486553	-0.497095
65297	-8.968140	-1.327005	3.745504	-0.002981	-0.032670	-0.003702	0.667711	0.265207	0.486596	-0.497042
65298	-8.979351	-1.261460	3.759626	0.062651	-0.017383	0.003146	0.667681	0.265238	0.486665	-0.496999
65299	-8.961456	-1.284634	3.745912	0.037129	-0.023297	-0.015346	0.667653	0.265274	0.486713	-0.496969
65300	-8.958933	-1.316322	3.743322	0.007435	-0.034923	-0.014404	0.667637	0.265284	0.486749	-0.496952
65301	-8.981351	-1.306243	3.797666	0.037597	-0.068474	0.025356	0.667632	0.265315	0.486762	-0.496930
65302	-8.963493	-1.281971	3.741948	0.038585	-0.020624	-0.015345	0.667616	0.265319	0.486801	-0.496910
65303	-8.960252	-1.327768	3.769306	0.007917	-0.062693	-0.001838	0.667611	0.265330	0.486828	-0.496885
65304	-8.956744	-1.306540	3.769918	0.027794	-0.057785	-0.007664	0.667584	0.265381	0.486883	-0.496840
65305	-8.951136	-1.336713	3.752358	-0.006611	-0.058590	-0.015425	0.667558	0.265466	0.486928	-0.496785
65306	-8.963344	-1.289613	3.749820	0.034768	-0.036530	-0.011502	0.667543	0.265561	0.486980	-0.496703
65307	-8.992145	-1.303872	3.754756	0.022706	-0.037011	0.018643	0.667518	0.265629	0.487051	-0.496631
65308	-8.994244	-1.321304	3.735901	-0.001153	-0.029122	0.015760	0.667504	0.265716	0.487096	-0.496559
65309	-8.982274	-1.258702	3.740651	0.057388	-0.016292	-0.001750	0.667532	0.265790	0.487089	-0.496488
65310	-8.998556	-1.265330	3.750266	0.053556	-0.021289	0.017686	0.667550	0.265818	0.487076	-0.496462
65311	-8.996189	-1.282417	3.719231	0.024955	-0.002782	0.006073	0.667579	0.265830	0.487042	-0.496450
65312	-8.991458	-1.275194	3.751105	0.043352	-0.028174	0.012817	0.667619	0.265814	0.487004	-0.496443
65313	-8.992090	-1.293706	3.735409	0.019309	-0.020520	0.009932	0.667680	0.265767	0.486931	-0.496457
65314	-9.010836	-1.254861	3.719133	0.047143	0.017443	0.015805	0.667747	0.265687	0.486847	-0.496492
65315	-8.958665	-1.303973	3.776540	0.025752	-0.066999	-0.003756	0.667819	0.265576	0.486757	-0.496543
65316	-8.962325	-1.276537	3.733777	0.033189	-0.016342	-0.020214	0.667893	0.265479	0.486657	-0.496593
65317	-9.005017	-1.287011	3.724515	0.017787	0.007811	0.016777	0.667966	0.265369	0.486558	-0.496651
65318	-8.964976	-1.330210	3.749562	-0.011128	-0.041793	-0.004650	0.668062	0.265218	0.486454	-0.496704
65319	-8.974548	-1.285177	3.752440	0.030287	-0.019604	-0.000771	0.668147	0.265109	0.486329	-0.496771
65320	-8.962078	-1.296618	3.742669	0.015193	-0.016505	-0.014365	0.668248	0.264972	0.486184	-0.496850
65321	-8.956427	-1.309973	3.761761	0.009948	-0.034950	-0.010487	0.668345	0.264803	0.486037	-0.496954
65322	-8.954402	-1.277016	3.752575	0.035760	-0.010563	-0.020215	0.668458	0.264619	0.485894	-0.497039
65323	-8.970781	-1.267553	3.798044	0.060592	-0.032934	0.010855	0.668581	0.264452	0.485712	-0.497141
65324	-8.977567	-1.308363	3.798115	0.021859	-0.039741	0.022562	0.668712	0.264258	0.485521	-0.497254
65325	-8.951327	-1.293643	3.809931	0.039861	-0.048403	0.001150	0.668827	0.264062	0.485325	-0.497395
65326	-8.971921	-1.290275	3.825314	0.046927	-0.044743	0.025452	0.668979	0.263844	0.485080	-0.497545
65327	-8.969502	-1.276713	3.802797	0.048343	-0.013615	0.012825	0.669154	0.263610	0.484765	-0.497740
65328	-8.977701	-1.251858	3.794441	0.065393	0.015633	0.013783	0.669318	0.263333	0.484427	-0.497995
65329	-8.961736	-1.279114	3.820260	0.049155	-0.011538	0.012824	0.669521	0.262985	0.484052	-0.498271
65330	-8.956917	-1.281250	3.830831	0.049342	-0.010404	0.012824	0.669729	0.262606	0.483628	-0.498603
65331	-8.940510	-1.295036	3.829513	0.034036	-0.007330	-0.000767	0.669959	0.262237	0.483130	-0.498971
65332	-8.942081	-1.284427	3.841921	0.045060	0.002146	0.004078	0.670217	0.261840	0.482548	-0.499396
65333	-8.894071	-1.372291	3.769494	-0.065076	0.024939	-0.056054	0.670284	0.261532	0.482091	-0.499908
65334	-8.957425	-1.262239	3.967526	0.109607	-0.057934	0.064286	0.670430	0.261264	0.481490	-0.500432
65335	-8.877139	-1.327028	3.918200	0.030573	-0.060367	-0.019205	0.670685	0.260815	0.481130	-0.500670
65336	-8.853176	-1.333918	3.931444	0.029079	-0.072885	-0.034745	0.670963	0.260399	0.480936	-0.500701
65337	-8.891408	-1.364485	3.896963	-0.015160	-0.031316	-0.009420	0.671230	0.260047	0.480743	-0.500711
65338	-8.878791	-1.305194	3.923948	0.048439	-0.029554	-0.018271	0.671427	0.259829	0.480520	-0.500775
65339	-8.880385	-1.358907	3.941167	0.003767	-0.055481	-0.002612	0.671612	0.259563	0.480268	-0.500906
65340	-8.877817	-1.359200	3.946848	0.004182	-0.054488	-0.002607	0.671754	0.259384	0.480068	-0.501000
65341	-8.851749	-1.376823	3.970946	-0.003411	-0.086204	-0.014215	0.671884	0.259239	0.479878	-0.501083
65342	-8.846953	-1.375271	3.960352	-0.007717	-0.074520	-0.022962	0.671980	0.259148	0.479723	-0.501150
65343	-8.874718	-1.342632	3.927663	0.006438	-0.021181	-0.015273	0.672061	0.259140	0.479635	-0.501130
65344	-8.881002	-1.309198	3.944160	0.041546	-0.018256	-0.007559	0.672137	0.259112	0.479546	-0.501127
65345	-8.868638	-1.333633	3.961607	0.025093	-0.045394	-0.008456	0.672196	0.259079	0.479470	-0.501137
65346	-8.854325	-1.343539	3.934748	0.004698	-0.031652	-0.030797	0.672250	0.259053	0.479426	-0.501122
65347	-8.882715	-1.320895	3.989943	0.045493	-0.056171	0.013900	0.672303	0.259033	0.479385	-0.501099
65348	-8.904691	-1.320403	3.940110	0.024500	-0.004603	0.013850	0.672357	0.259003	0.479338	-0.501087
65349	-8.885065	-1.323990	3.944544	0.022680	-0.017300	-0.001676	0.672399	0.259012	0.479300	-0.501063
65350	-8.877564	-1.335256	3.945640	0.011960	-0.024984	-0.006497	0.672450	0.258993	0.479259	-0.501044
65351	-8.887492	-1.303355	3.975204	0.051986	-0.032771	0.009976	0.672479	0.258978	0.479237	-0.501033
65352	-8.889921	-1.340998	3.942435	0.003690	-0.018336	0.004207	0.672528	0.258966	0.479204	-0.501006
65353	-8.864818	-1.305097	3.965252	0.045598	-0.033880	-0.014306	0.672572	0.258963	0.479171	-0.500980
65354	-8.877101	-1.311588	3.961956	0.037176	-0.027876	-0.003604	0.672598	0.258960	0.479136	-0.500980
65355	-8.863184	-1.321228	3.934329	0.017231	-0.014354	-0.025956	0.672632	0.258961	0.479117	-0.500952
65356	-8.862344	-1.300440	3.950503	0.041896	-0.020333	-0.023071	0.672669	0.258977	0.479092	-0.500917
65357	-8.894487	-1.335421	3.955914	0.009891	-0.024264	0.012984	0.672701	0.258968	0.479083	-0.500887
65358	-8.879577	-1.325913	3.944261	0.013890	-0.017157	-0.006483	0.672726	0.258978	0.479062	-0.500870
65359	-8.878821	-1.305537	3.960100	0.038418	-0.023195	-0.003596	0.672749	0.258978	0.479054	-0.500845
65360	-8.894505	-1.313312	3.970598	0.034395	-0.027854	0.015878	0.672772	0.258958	0.479050	-0.500829
65361	-8.875120	-1.317497	3.974325	0.032550	-0.040385	0.000371	0.672797	0.258946	0.479029	-0.500821
65362	-8.888476	-1.310582	3.941336	0.025026	-0.004349	-0.001667	0.672822	0.258915	0.479011	-0.500822
65363	-8.895018	-1.311963	3.969894	0.034952	-0.024628	0.015885	0.672842	0.258859	0.478985	-0.500848
65364	-8.879462	-1.303278	3.959407	0.039156	-0.017803	-0.003588	0.672884	0.258803	0.478930	-0.500874
65365	-8.889916	-1.291523	3.973645	0.054738	-0.018762	0.009998	0.672934	0.258719	0.478870	-0.500906
65366	-8.869570	-1.296753	3.979173	0.052933	-0.031431	-0.005503	0.672986	0.258598	0.478823	-0.500944
65367	-8.878712	-1.323555	3.946999	0.015369	-0.008205	-0.006474	0.673059	0.258470	0.478757	-0.500975
65368	-8.884301	-1.325640	3.977423	0.025208	-0.028877	0.011088	0.673123	0.258349	0.478695	-0.501011
65369	-8.865925	-1.336065	3.937756	0.000416	-0.004760	-0.020057	0.673194	0.258234	0.478611	-0.501056
65370	-8.850561	-1.323241	3.989039	0.032598	-0.045535	-0.015101	0.673258	0.258131	0.478518	-0.501111
65371	-8.884902	-1.326944	3.997418	0.030703	-0.036622	0.019878	0.673289	0.258068	0.478451	-0.501166
65372	-8.870382	-1.337736	3.970826	0.010479	-0.023029	-0.002487	0.673350	0.257993	0.478409	-0.501163
65373	-8.856731	-1.343831	4.004605	0.018364	-0.057126	-0.000407	0.673423	0.257910	0.478351	-0.501162
65374	-8.865104	-1.317020	3.975053	0.030645	-0.017293	-0.008382	0.673470	0.257832	0.478318	-0.501171
65375	-8.868348	-1.350917	4.002634	0.010338	-0.050594	0.010295	0.673506	0.257791	0.478340	-0.501123
65376	-8.854210	-1.327741	3.962169	0.015636	-0.013562	-0.021963	0.673567	0.257745	0.478278	-0.501124
65377	-8.860517	-1.328572	3.991334	0.025462	-0.034076	-0.004384	0.673617	0.257703	0.478244	-0.501111
65378	-8.864746	-1.314550	3.976667	0.031491	-0.013535	-0.008378	0.673673	0.257664	0.478176	-0.501120
65379	-8.864703	-1.347006	3.990323	0.006219	-0.035927	0.001523	0.673720	0.257648	0.478136	-0.501104
65380	-8.867978	-1.313266	3.991631	0.036793	-0.022394	0.000414	0.673759	0.257642	0.478098	-0.501091
65381	-8.852855	-1.336881	3.993815	0.015470	-0.038790	-0.009162	0.673800	0.257644	0.478048	-0.501082
65382	-8.848585	-1.315381	3.996018	0.034960	-0.033971	-0.015062	0.673845	0.257657	0.477998	-0.501062
65383	-8.880600	-1.316973	3.988553	0.028269	-0.014315	0.011111	0.673871	0.257662	0.477959	-0.501063
65384	-8.845945	-1.312125	3.981238	0.030669	-0.021019	-0.023853	0.673884	0.257678	0.477944	-0.501051
65385	-8.870687	-1.326236	3.974001	0.013515	-0.010289	-0.002469	0.673891	0.257693	0.477963	-0.501016
65386	-8.862670	-1.351501	4.003353	0.001850	-0.048234	0.005560	0.673905	0.257732	0.477975	-0.500965
