// General information: 
//  MT Manager version: 2021.0.0 
//  XDA version: 2021.0.0 build 5908 rev 109668 built on 2021-04-19
// Device information: 
//  DeviceId: 00B43DEC
//  ProductCode: MTW2-3A7G6
//  Firmware Version: 4.3.5
//  Hardware Version: 1.1.0
// Device settings: 
//  Filter Profile: human(46.1)
//  Option Flags: Orientation Smoother Disabled, Position/Velocity Smoother Disabled, Continuous Zero Rotation Update Disabled, AHS Disabled, ICC Disabled
// Coordinate system: ENU
PacketCounter	Acc_X	Acc_Y	Acc_Z	FreeAcc_E	FreeAcc_N	FreeAcc_U	Quat_q0	Quat_q1	Quat_q2	Quat_q3
64468	-9.094205	0.424252	3.627935	0.022738	-0.023697	-0.012412	0.262663	0.540366	0.159242	-0.783361
64469	-9.069247	0.444553	3.663499	0.001796	-0.062785	-0.021562	0.262771	0.540255	0.159245	-0.783401
64470	-9.064091	0.427446	3.646422	0.005521	-0.039545	-0.033360	0.262891	0.540144	0.159274	-0.783431
64471	-9.083939	0.411091	3.633844	0.013145	-0.013379	-0.020271	0.262975	0.540050	0.159283	-0.783466
64472	-9.089652	0.407611	3.648176	0.003278	-0.014761	-0.009786	0.263092	0.539943	0.159264	-0.783504
64473	-9.072001	0.383870	3.652454	-0.016697	0.000516	-0.025517	0.263222	0.539812	0.159241	-0.783555
64474	-9.076130	0.435839	3.664806	0.006581	-0.044758	-0.014991	0.263355	0.539699	0.159199	-0.783597
64475	-9.083687	0.413391	3.673003	-0.009663	-0.026456	-0.005831	0.263503	0.539642	0.159195	-0.783587
64476	-9.093879	0.440933	3.658721	0.020705	-0.036915	-0.000578	0.263603	0.539563	0.159141	-0.783620
64477	-9.070260	0.420791	3.649303	0.010575	-0.019016	-0.026799	0.263710	0.539491	0.159100	-0.783642
64478	-9.079914	0.413625	3.643603	0.014499	-0.005274	-0.020266	0.263846	0.539397	0.159040	-0.783672
64479	-9.069798	0.443709	3.690225	-0.006148	-0.053931	-0.011008	0.263957	0.539333	0.158984	-0.783691
64480	-9.070518	0.403788	3.646935	0.004670	0.004213	-0.028136	0.264086	0.539278	0.158892	-0.783704
64481	-9.092334	0.404577	3.620671	0.032249	0.025844	-0.017701	0.264276	0.539154	0.158837	-0.783736
64482	-9.067580	0.448040	3.695149	-0.005839	-0.050480	-0.010989	0.264460	0.539039	0.158725	-0.783775
64483	-9.072183	0.425515	3.672038	0.001607	-0.014557	-0.016299	0.264676	0.538898	0.158650	-0.783815
64484	-9.063135	0.450574	3.667169	0.018113	-0.030501	-0.025436	0.264945	0.538795	0.158594	-0.783806
64485	-9.068375	0.449527	3.682310	0.008410	-0.031829	-0.014942	0.265127	0.538652	0.158480	-0.783866
64486	-9.058487	0.439607	3.686836	-0.001496	-0.023671	-0.022813	0.265352	0.538462	0.158374	-0.783942
64487	-9.043178	0.488777	3.708763	0.007660	-0.074361	-0.026611	0.265553	0.538315	0.158307	-0.783989
64488	-9.070603	0.451932	3.704403	-0.001101	-0.030850	-0.004439	0.265842	0.538190	0.158252	-0.783987
64489	-9.063180	0.456977	3.694164	0.008878	-0.027096	-0.014928	0.266014	0.538039	0.158160	-0.784051
64490	-9.053611	0.446365	3.697982	-0.001128	-0.018857	-0.022803	0.266176	0.537915	0.158076	-0.784098
64491	-9.032386	0.498283	3.706109	0.018027	-0.067121	-0.037069	0.266326	0.537791	0.157997	-0.784148
64492	-9.062173	0.475977	3.687432	0.029262	-0.028186	-0.017533	0.266476	0.537688	0.157920	-0.784183
64493	-9.067859	0.474269	3.701492	0.019618	-0.029569	-0.007037	0.266695	0.537634	0.157896	-0.784151
64494	-9.046796	0.491384	3.716567	0.012247	-0.053587	-0.020046	0.266788	0.537542	0.157788	-0.784204
64495	-9.049861	0.452724	3.706380	-0.000389	-0.013140	-0.022793	0.266892	0.537472	0.157732	-0.784228
64496	-9.037256	0.481156	3.720241	0.002518	-0.044186	-0.027916	0.266958	0.537408	0.157635	-0.784269
64497	-9.038781	0.462058	3.715147	-0.003658	-0.023431	-0.029292	0.267027	0.537369	0.157586	-0.784282
64498	-9.055414	0.486844	3.713179	0.016765	-0.036372	-0.013523	0.267080	0.537358	0.157479	-0.784293
64499	-9.028683	0.506655	3.713991	0.019277	-0.057808	-0.037012	0.267097	0.537374	0.157390	-0.784294
64500	-9.055573	0.488571	3.712563	0.016913	-0.033956	-0.013514	0.267125	0.537383	0.157295	-0.784297
64501	-9.078026	0.453857	3.692598	0.018100	0.012001	-0.001910	0.267138	0.537383	0.157211	-0.784309
64502	-9.067553	0.427754	3.707440	-0.011808	0.024823	-0.007186	0.267188	0.537387	0.157099	-0.784312
64503	-9.068086	0.485959	3.737764	-0.002313	-0.035489	0.007493	0.267211	0.537399	0.156893	-0.784337
64504	-9.061645	0.456901	3.732561	-0.018692	-0.007614	-0.001787	0.267130	0.537497	0.156630	-0.784350
64505	-8.885984	0.495322	3.885984	-0.174744	-0.162880	-0.104452	0.266256	0.538458	0.155836	-0.784147
64506	-9.148384	0.494066	3.572669	0.117603	0.062713	0.020073	0.265130	0.539787	0.154872	-0.783805
64507	-9.114669	0.521053	3.628293	0.059314	0.000433	0.011246	0.264417	0.540642	0.154080	-0.783613
64508	-9.074759	0.522708	3.621783	0.041690	-0.007044	-0.028006	0.264146	0.540999	0.153649	-0.783542
64509	-9.073133	0.622392	3.659226	0.064051	-0.106551	-0.010464	0.264109	0.541077	0.153454	-0.783540
64510	-9.098229	0.525959	3.590732	0.069539	0.015966	-0.017654	0.264224	0.540931	0.153482	-0.783596
64511	-9.080782	0.522166	3.635028	0.032204	-0.005937	-0.017504	0.264456	0.540639	0.153609	-0.783694
64512	-9.068546	0.562486	3.639399	0.055036	-0.041524	-0.025176	0.264801	0.540218	0.153802	-0.783830
64513	-9.076201	0.538095	3.686900	0.015300	-0.040713	-0.001556	0.265214	0.539720	0.154078	-0.783979
64514	-9.054542	0.530307	3.703069	0.001543	-0.045033	-0.015921	0.265661	0.539233	0.154384	-0.784103
64515	-9.029297	0.492940	3.745753	-0.052222	-0.040280	-0.025067	0.265922	0.538913	0.154551	-0.784202
64516	-9.063080	0.497598	3.699845	-0.000851	-0.010457	-0.010863	0.265985	0.538830	0.154578	-0.784232
64517	-9.056771	0.534781	3.679397	0.035651	-0.031028	-0.022548	0.266025	0.538771	0.154561	-0.784263
64518	-9.038063	0.530064	3.687817	0.021876	-0.035401	-0.036911	0.266051	0.538742	0.154553	-0.784275
64519	-9.042115	0.511237	3.715147	-0.007941	-0.032144	-0.023794	0.266130	0.538668	0.154557	-0.784299
64520	-9.058280	0.512798	3.674844	0.029620	-0.007888	-0.023972	0.266204	0.538615	0.154616	-0.784298
64521	-9.062855	0.515018	3.740444	-0.017302	-0.041743	0.005127	0.266279	0.538544	0.154636	-0.784317
64522	-9.080993	0.483754	3.741300	-0.029756	-0.010823	0.020663	0.266363	0.538486	0.154618	-0.784332
64523	-9.047617	0.471999	3.737805	-0.043626	-0.005749	-0.012106	0.266319	0.538534	0.154397	-0.784357
64524	-9.032912	0.521048	3.719277	-0.010736	-0.038875	-0.030235	0.265996	0.538977	0.154027	-0.784236
64525	-9.064136	0.487010	3.705623	-0.019459	0.004689	-0.008251	0.265726	0.539352	0.153578	-0.784157
64526	-9.050397	0.512912	3.778990	-0.073786	-0.054510	0.007960	0.265500	0.539736	0.152988	-0.784085
64527	-9.053461	0.536062	3.722680	-0.030133	-0.040346	-0.009203	0.265006	0.540581	0.152157	-0.783832
64528	-9.126467	0.502823	3.582886	0.063044	0.079631	0.004235	0.264689	0.541225	0.151481	-0.783625
64529	-9.049395	0.585453	3.712403	-0.027164	-0.070245	-0.014190	0.264338	0.541907	0.150696	-0.783424
64530	-9.091094	0.562926	3.642273	0.011284	-0.001051	-0.002953	0.264087	0.542494	0.149988	-0.783238
64531	-9.098423	0.596438	3.554575	0.088675	0.023696	-0.026799	0.263974	0.542856	0.149290	-0.783159
64532	-9.056162	0.691694	3.576232	0.106894	-0.069402	-0.052273	0.263991	0.542968	0.148807	-0.783167
64533	-9.040746	0.652565	3.574288	0.080340	-0.034526	-0.069545	0.264126	0.542880	0.148662	-0.783210
64534	-9.022063	0.705727	3.613847	0.075917	-0.100234	-0.068984	0.264311	0.542725	0.148755	-0.783238
64535	-9.068334	0.633236	3.610889	0.054484	-0.026691	-0.031558	0.264571	0.542434	0.149081	-0.783290
64536	-9.054740	0.654990	3.628039	0.057245	-0.057762	-0.036524	0.264946	0.541992	0.149596	-0.783371
64537	-9.068451	0.578971	3.611503	0.041896	0.014951	-0.034498	0.265416	0.541400	0.150288	-0.783488
64538	-9.072728	0.587512	3.670789	0.015077	-0.023463	-0.007920	0.265957	0.540746	0.151074	-0.783605
64539	-9.059767	0.584435	3.686160	0.011479	-0.034877	-0.014353	0.266444	0.540117	0.151842	-0.783725
64540	-9.061398	0.555524	3.721351	-0.018347	-0.031501	-0.001232	0.266905	0.539503	0.152558	-0.783853
64541	-9.029753	0.563063	3.697133	0.007818	-0.035602	-0.039206	0.267283	0.538995	0.153128	-0.783962
64542	-9.068861	0.510479	3.722568	-0.020832	0.003171	0.003722	0.267634	0.538544	0.153592	-0.784061
64543	-9.028068	0.550614	3.741710	-0.015451	-0.050820	-0.024595	0.267914	0.538176	0.153970	-0.784144
64544	-9.020289	0.548489	3.733219	-0.005335	-0.047266	-0.035105	0.268128	0.537878	0.154262	-0.784218
64545	-9.050318	0.542475	3.754186	-0.011136	-0.045357	0.000277	0.268290	0.537663	0.154425	-0.784278
64546	-9.040939	0.541341	3.710969	0.022372	-0.024261	-0.024846	0.268396	0.537517	0.154551	-0.784317
64547	-9.051226	0.552310	3.743805	0.009085	-0.047577	-0.002312	0.268459	0.537407	0.154654	-0.784350
64548	-9.042685	0.538212	3.745664	-0.001032	-0.039387	-0.010225	0.268508	0.537343	0.154715	-0.784365
64549	-9.030725	0.564214	3.758267	0.001824	-0.070432	-0.015140	0.268511	0.537327	0.154752	-0.784368
64550	-9.058025	0.543709	3.756198	-0.000623	-0.046390	0.008224	0.268513	0.537349	0.154816	-0.784340
64551	-9.035807	0.520885	3.743945	-0.010949	-0.028882	-0.018133	0.268455	0.537390	0.154895	-0.784316
64552	-9.034406	0.516974	3.709393	0.012602	-0.010172	-0.032754	0.268391	0.537432	0.154963	-0.784296
64553	-9.014206	0.592419	3.803617	-0.022398	-0.128139	-0.011797	0.268311	0.537499	0.155069	-0.784256
64554	-9.075421	0.478008	3.643798	0.051090	0.060435	-0.021735	0.268215	0.537566	0.155210	-0.784215
64555	-9.048948	0.520971	3.732955	-0.000502	-0.030849	-0.010195	0.268151	0.537622	0.155325	-0.784176
64556	-9.059839	0.488949	3.684981	0.020331	0.020114	-0.019934	0.268089	0.537687	0.155424	-0.784133
64557	-9.049544	0.535314	3.733677	0.006094	-0.048073	-0.008668	0.268007	0.537748	0.155496	-0.784105
64558	-9.065132	0.554751	3.696314	0.050044	-0.043367	-0.007448	0.267922	0.537795	0.155620	-0.784077
64559	-9.073436	0.472233	3.670830	0.024301	0.036325	-0.013538	0.267807	0.537841	0.155707	-0.784067
64560	-9.046261	0.494310	3.722241	-0.010190	-0.017928	-0.018106	0.267720	0.537888	0.155789	-0.784049
64561	-9.057722	0.518791	3.705150	0.020086	-0.028252	-0.012769	0.267644	0.537922	0.155841	-0.784041
64562	-9.038264	0.532015	3.717182	0.012846	-0.052356	-0.025564	0.267537	0.537971	0.155904	-0.784031
64563	-9.045677	0.526079	3.727717	0.003043	-0.053612	-0.015034	0.267427	0.538037	0.155975	-0.784009
64564	-9.060922	0.510663	3.698450	0.020470	-0.024721	-0.012760	0.267303	0.538103	0.156048	-0.783992
64565	-9.051500	0.480924	3.711240	-0.009687	-0.011964	-0.018096	0.267193	0.538167	0.156092	-0.783976
64566	-9.065261	0.520532	3.679722	0.040584	-0.026866	-0.015347	0.267096	0.538233	0.156162	-0.783950
64567	-9.051892	0.495492	3.712531	-0.003073	-0.029253	-0.016551	0.266965	0.538280	0.156208	-0.783954
64568	-9.046659	0.496089	3.697405	0.006900	-0.025651	-0.027074	0.266853	0.538360	0.156263	-0.783926
64569	-9.049981	0.508642	3.680799	0.027063	-0.029005	-0.029662	0.266735	0.538431	0.156323	-0.783905
64570	-9.055334	0.487593	3.705175	-0.002699	-0.025637	-0.016541	0.266602	0.538493	0.156375	-0.783898
64571	-9.068700	0.492163	3.681857	0.021080	-0.016344	-0.012744	0.266493	0.538557	0.156423	-0.783881
64572	-9.047441	0.490369	3.707324	-0.006296	-0.035912	-0.022918	0.266375	0.538643	0.156480	-0.783851
64573	-9.060979	0.494880	3.683571	0.017573	-0.026555	-0.019122	0.266265	0.538715	0.156554	-0.783824
64574	-9.092632	0.468150	3.659932	0.028706	0.012612	0.000021	0.266104	0.538792	0.156610	-0.783814
64575	-9.051119	0.481752	3.699469	-0.006050	-0.032315	-0.022906	0.265990	0.538855	0.156682	-0.783796
64576	-9.074600	0.478345	3.669117	0.021552	-0.010361	-0.012737	0.265874	0.538915	0.156728	-0.783784
64577	-9.057028	0.471905	3.675116	0.007822	-0.014844	-0.027052	0.265745	0.538975	0.156761	-0.783780
64578	-9.043728	0.495634	3.653067	0.034128	-0.028427	-0.046542	0.265613	0.539043	0.156797	-0.783771
64579	-9.053735	0.491273	3.696165	0.000809	-0.047079	-0.021320	0.265476	0.539110	0.156842	-0.783762
64580	-9.069778	0.497221	3.705139	0.001116	-0.055264	-0.002840	0.265348	0.539199	0.156901	-0.783733
64581	-9.064863	0.497433	3.689219	0.011043	-0.051686	-0.013365	0.265207	0.539302	0.157000	-0.783690
64582	-9.043582	0.508617	3.667299	0.027226	-0.058386	-0.040789	0.265057	0.539406	0.157081	-0.783653
64583	-9.083428	0.458509	3.649755	0.022003	-0.001968	-0.012732	0.264887	0.539527	0.157162	-0.783610
64584	-9.061059	0.475870	3.680198	0.001121	-0.041182	-0.021293	0.264732	0.539622	0.157245	-0.783581
64585	-9.057806	0.455564	3.658321	0.004579	-0.017981	-0.033405	0.264551	0.539723	0.157365	-0.783549
64586	-9.072004	0.445610	3.680724	-0.015118	-0.021597	-0.012338	0.264416	0.539811	0.157433	-0.783520
64587	-9.069162	0.460690	3.650857	0.014976	-0.022629	-0.025453	0.264264	0.539898	0.157542	-0.783489
64588	-9.073347	0.458808	3.680163	-0.008340	-0.038952	-0.010741	0.264111	0.540003	0.157631	-0.783451
64589	-9.077260	0.429674	3.618917	0.022324	0.014417	-0.031219	0.263993	0.540076	0.157701	-0.783426
64590	-9.100296	0.466956	3.632464	0.039225	-0.020284	-0.003188	0.263878	0.540135	0.157786	-0.783407
64591	-9.103608	0.389530	3.627322	-0.000183	0.044310	-0.005399	0.263820	0.540147	0.157851	-0.783405
64592	-9.064648	0.454269	3.645914	0.011699	-0.029415	-0.031794	0.263770	0.540171	0.157886	-0.783398
64593	-9.088689	0.472859	3.654930	0.022197	-0.044509	-0.005348	0.263718	0.540181	0.157918	-0.783402
64594	-9.067269	0.430666	3.637838	0.005368	-0.007418	-0.033392	0.263658	0.540193	0.157941	-0.783409
64595	-9.081220	0.457296	3.654016	0.012179	-0.035143	-0.013293	0.263595	0.540214	0.157952	-0.783414
64596	-9.083288	0.435752	3.647040	0.005835	-0.014379	-0.014899	0.263536	0.540233	0.157971	-0.783417
64597	-9.082231	0.453858	3.651934	0.012420	-0.032845	-0.013285	0.263489	0.540224	0.157989	-0.783436
64598	-9.088973	0.448696	3.664069	0.002640	-0.034049	-0.002744	0.263425	0.540217	0.158015	-0.783457
64599	-9.085741	0.410613	3.639486	-0.000354	0.008732	-0.016511	0.263403	0.540181	0.158000	-0.783492
64600	-9.066372	0.460247	3.645407	0.018883	-0.039652	-0.030152	0.263366	0.540154	0.157993	-0.783524
64601	-9.089379	0.443996	3.663635	0.002886	-0.030524	-0.002732	0.263310	0.540137	0.158020	-0.783549
64602	-9.047017	0.472473	3.658238	0.011664	-0.062650	-0.042816	0.263232	0.540170	0.158049	-0.783547
64603	-9.090074	0.453295	3.614315	0.046459	-0.015320	-0.020047	0.263151	0.540214	0.158103	-0.783533
64604	-9.061556	0.461397	3.680030	-0.008049	-0.065053	-0.021722	0.263050	0.540280	0.158154	-0.783511
64605	-9.057679	0.442269	3.659182	-0.004563	-0.041930	-0.033885	0.262957	0.540336	0.158226	-0.783489
64606	-9.095960	0.447266	3.640033	0.023133	-0.029225	-0.005293	0.262857	0.540417	0.158290	-0.783454
64607	-9.073551	0.424477	3.627310	0.012808	-0.011886	-0.031758	0.262775	0.540479	0.158355	-0.783425
64608	-9.073096	0.442214	3.630882	0.019335	-0.030257	-0.030119	0.262706	0.540536	0.158389	-0.783402
64609	-9.091889	0.409009	3.628660	0.006680	0.000886	-0.014889	0.262626	0.540596	0.158438	-0.783378
64610	-9.076321	0.418399	3.621081	0.013011	-0.008314	-0.031755	0.262580	0.540630	0.158468	-0.783364
64611	-9.083479	0.413605	3.632138	0.003220	-0.009508	-0.021212	0.262534	0.540678	0.158494	-0.783341
64612	-9.090647	0.408891	3.643169	-0.006602	-0.010736	-0.010669	0.262513	0.540714	0.158528	-0.783316
64613	-9.116256	0.408217	3.646131	-0.002614	-0.006132	0.014163	0.262516	0.540739	0.158539	-0.783296
64614	-9.088755	0.405363	3.608449	0.016977	0.009056	-0.025434	0.262530	0.540717	0.158531	-0.783308
64615	-9.092461	0.441411	3.632535	0.020148	-0.031388	-0.011585	0.262560	0.540711	0.158493	-0.783310
64616	-9.090344	0.426279	3.646464	0.000166	-0.025661	-0.009009	0.262608	0.540684	0.158463	-0.783318
64617	-9.098930	0.437948	3.645176	0.010409	-0.031423	-0.001034	0.262643	0.540664	0.158430	-0.783327
64618	-9.080425	0.434051	3.653396	-0.003443	-0.036065	-0.015315	0.262684	0.540656	0.158405	-0.783324
64619	-9.071429	0.435548	3.607441	0.029990	-0.015026	-0.040634	0.262706	0.540672	0.158388	-0.783309
64620	-9.073295	0.456470	3.644786	0.013094	-0.050839	-0.024186	0.262709	0.540695	0.158373	-0.783295
64621	-9.081702	0.432880	3.650361	-0.003172	-0.032405	-0.015302	0.262722	0.540743	0.158372	-0.783258
64622	-9.096148	0.460744	3.665557	0.003673	-0.060049	0.004893	0.262727	0.540817	0.158386	-0.783202
64623	-9.070491	0.438106	3.620943	0.016797	-0.025267	-0.036387	0.262713	0.540847	0.158394	-0.783184
64624	-9.087541	0.425850	3.625105	0.010701	-0.013789	-0.019535	0.262715	0.540886	0.158418	-0.783152
64625	-9.070747	0.496980	3.667251	0.013024	-0.099172	-0.016558	0.262684	0.540960	0.158471	-0.783100
64626	-9.092178	0.383615	3.609162	-0.002109	0.027824	-0.022890	0.262672	0.541013	0.158494	-0.783063
64627	-9.102228	0.429236	3.597967	0.034667	-0.002008	-0.015802	0.262660	0.541039	0.158505	-0.783047
64628	-9.089278	0.441127	3.623599	0.017530	-0.028593	-0.017846	0.262657	0.541067	0.158509	-0.783028
64629	-9.108936	0.389526	3.616502	-0.001553	0.022108	-0.004372	0.262707	0.541081	0.158520	-0.782999
64630	-9.097269	0.430804	3.581689	0.044813	0.003926	-0.026352	0.262734	0.541107	0.158485	-0.782979
64631	-9.066143	0.426446	3.663202	-0.029716	-0.041318	-0.025284	0.262785	0.541085	0.158439	-0.782987
64632	-9.110570	0.424612	3.606051	0.025188	0.001633	-0.005255	0.262826	0.541125	0.158403	-0.782952
64633	-9.091029	0.440933	3.619229	0.017939	-0.022635	-0.017831	0.262873	0.541133	0.158379	-0.782936
64634	-9.093386	0.456224	3.604624	0.038063	-0.025962	-0.020395	0.262933	0.541131	0.158335	-0.782927
64635	-9.069283	0.442498	3.646576	-0.009331	-0.041148	-0.027830	0.262980	0.541128	0.158295	-0.782921
64636	-9.100174	0.453303	3.616446	0.028355	-0.025964	-0.009838	0.263012	0.541137	0.158269	-0.782909
64637	-9.076869	0.432733	3.605574	0.017960	-0.008647	-0.036360	0.263019	0.541149	0.158245	-0.782903
64638	-9.078676	0.453441	3.643364	0.000971	-0.044478	-0.019829	0.263023	0.541142	0.158237	-0.782908
64639	-9.100182	0.416589	3.622970	0.001932	0.001711	-0.008975	0.263031	0.541129	0.158240	-0.782914
64640	-9.092630	0.438836	3.615459	0.018410	-0.014369	-0.017816	0.263035	0.541130	0.158237	-0.782913
64641	-9.089431	0.442658	3.634619	0.004954	-0.028274	-0.013538	0.263039	0.541125	0.158253	-0.782911
64642	-9.089751	0.441589	3.633949	0.005056	-0.027110	-0.013535	0.263026	0.541125	0.158251	-0.782916
64643	-9.075123	0.431958	3.621632	0.004872	-0.016718	-0.032076	0.263008	0.541142	0.158267	-0.782907
64644	-9.082401	0.468797	3.677124	-0.015443	-0.074504	-0.003242	0.262985	0.541191	0.158273	-0.782880
64645	-9.088611	0.436467	3.597289	0.028732	-0.006142	-0.028365	0.262933	0.541233	0.158312	-0.782860
64646	-9.087523	0.460856	3.653669	-0.001639	-0.057073	-0.007511	0.262871	0.541279	0.158342	-0.782843
64647	-9.107071	0.462571	3.642995	0.012317	-0.050077	0.006756	0.262798	0.541351	0.158414	-0.782803
64648	-9.070851	0.411779	3.613080	-0.004786	-0.003974	-0.040062	0.262725	0.541427	0.158469	-0.782764
64649	-9.096863	0.410386	3.615038	-0.000752	0.000702	-0.015248	0.262683	0.541480	0.158507	-0.782734
64650	-9.113689	0.452150	3.615989	0.026112	-0.031401	0.002479	0.262622	0.541550	0.158537	-0.782700
64651	-9.077672	0.443089	3.630420	-0.001519	-0.041966	-0.026031	0.262553	0.541635	0.158574	-0.782657
64652	-9.097507	0.444710	3.618969	0.012389	-0.034948	-0.011770	0.262476	0.541736	0.158667	-0.782594
64653	-9.090294	0.430349	3.617100	0.002333	-0.026874	-0.019765	0.262374	0.541825	0.158749	-0.782550
64654	-9.122498	0.383801	3.587323	0.006892	0.032084	-0.002739	0.262310	0.541877	0.158808	-0.782523
64655	-9.099670	0.457514	3.616916	0.019143	-0.050929	-0.010012	0.262238	0.541930	0.158833	-0.782506
64656	-9.094469	0.404148	3.604802	-0.003983	-0.003697	-0.021504	0.262177	0.541973	0.158878	-0.782487
64657	-9.093685	0.476631	3.606019	0.035607	-0.065804	-0.018808	0.262114	0.542034	0.158942	-0.782453
64658	-9.078482	0.437061	3.652815	-0.028148	-0.063774	-0.017379	0.262022	0.542111	0.159033	-0.782412
64659	-9.062372	0.465373	3.649550	-0.015345	-0.092656	-0.032424	0.261900	0.542245	0.159148	-0.782337
64660	-9.079124	0.429095	3.611723	-0.004545	-0.044114	-0.032238	0.261751	0.542441	0.159334	-0.782213
64661	-9.077165	0.449499	3.631165	-0.011559	-0.077555	-0.026157	0.261571	0.542662	0.159534	-0.782079
64662	-9.113932	0.450208	3.574978	0.039606	-0.047165	-0.012529	0.261358	0.542872	0.159781	-0.781954
64663	-9.140186	0.368992	3.536555	0.027518	0.038236	-0.005335	0.261160	0.543092	0.160020	-0.781819
64664	-9.117717	0.364001	3.526283	0.023655	0.035850	-0.030148	0.261016	0.543265	0.160207	-0.781708
64665	-9.118567	0.379960	3.527209	0.030262	0.017427	-0.028383	0.260902	0.543390	0.160362	-0.781628
64666	-9.105005	0.374505	3.564245	-0.006905	-0.004691	-0.027743	0.260804	0.543509	0.160484	-0.781552
64667	-9.110924	0.407889	3.584439	-0.003663	-0.045028	-0.013633	0.260718	0.543639	0.160619	-0.781463
64668	-9.135614	0.383879	3.546072	0.017310	-0.003318	-0.005489	0.260639	0.543755	0.160748	-0.781382
64669	-9.125173	0.367588	3.511399	0.030654	0.022086	-0.028394	0.260574	0.543828	0.160891	-0.781324
64670	-9.152473	0.351394	3.559495	-0.008763	0.013951	0.013857	0.260501	0.543874	0.160962	-0.781301
64671	-9.116140	0.390091	3.519989	0.033699	-0.007911	-0.032846	0.260446	0.543891	0.161052	-0.781289
64672	-9.124476	0.364661	3.525404	0.017404	0.010514	-0.024066	0.260410	0.543910	0.161090	-0.781280
64673	-9.115074	0.371350	3.531706	0.013839	-0.001066	-0.030293	0.260387	0.543903	0.161085	-0.781293
64674	-9.135970	0.395212	3.560944	0.010874	-0.030967	0.000640	0.260371	0.543900	0.161071	-0.781304
64675	-9.112258	0.374177	3.550654	0.000494	-0.013805	-0.025951	0.260374	0.543884	0.161072	-0.781314
64676	-9.127477	0.375504	3.509523	0.037849	0.010654	-0.026623	0.260377	0.543843	0.161032	-0.781350
64677	-9.136997	0.373015	3.555636	0.004653	-0.007885	-0.001147	0.260388	0.543761	0.160987	-0.781412
64678	-9.110375	0.391992	3.558631	0.007307	-0.029897	-0.024148	0.260390	0.543690	0.160936	-0.781472
64679	-9.125140	0.338888	3.521385	0.011564	0.038242	-0.025880	0.260422	0.543592	0.160873	-0.781542
64680	-9.112399	0.386864	3.541972	0.021041	-0.012505	-0.028494	0.260479	0.543504	0.160781	-0.781603
64681	-9.106136	0.377239	3.578016	-0.012453	-0.021894	-0.021590	0.260542	0.543390	0.160668	-0.781685
64682	-9.112803	0.403107	3.532263	0.041295	-0.014693	-0.031040	0.260610	0.543282	0.160578	-0.781755
64683	-9.107647	0.318785	3.565261	-0.031823	0.039168	-0.027014	0.260663	0.543161	0.160463	-0.781846
64684	-9.103237	0.433933	3.582442	0.020948	-0.062077	-0.020505	0.260728	0.543073	0.160339	-0.781910
64685	-9.086277	0.391562	3.581145	-0.005839	-0.027688	-0.038356	0.260801	0.542996	0.160250	-0.781958
64686	-9.123883	0.386026	3.611741	-0.021526	-0.027527	0.007583	0.260846	0.542959	0.160136	-0.781992
64687	-9.138658	0.389269	3.571768	0.015821	-0.003052	0.006878	0.260912	0.542889	0.160009	-0.782045
64688	-9.117152	0.420061	3.541438	0.052072	-0.014536	-0.023011	0.260969	0.542780	0.159898	-0.782124
64689	-9.096583	0.382255	3.560873	0.011748	0.004775	-0.036512	0.261005	0.542654	0.159761	-0.782227
64690	-9.107246	0.396164	3.595085	-0.001375	-0.018254	-0.013546	0.261073	0.542504	0.159634	-0.782335
64691	-9.130905	0.390757	3.550550	0.039624	0.018983	-0.008067	0.261125	0.542314	0.159482	-0.782480
64692	-9.107222	0.392318	3.583612	0.012356	-0.000863	-0.017917	0.261177	0.542083	0.159357	-0.782648
64693	-9.099653	0.382454	3.622674	-0.021132	-0.010258	-0.010995	0.261277	0.541844	0.159214	-0.782809
64694	-9.132459	0.369154	3.572937	0.023518	0.039746	0.000662	0.261392	0.541573	0.159038	-0.782994
64695	-9.109073	0.406712	3.599274	0.022842	-0.004189	-0.009889	0.261519	0.541297	0.158838	-0.783183
64696	-9.101708	0.432801	3.631826	0.015948	-0.037665	-0.003667	0.261664	0.540964	0.158656	-0.783402
64697	-9.075853	0.454811	3.672637	-0.004781	-0.077097	-0.011654	0.261770	0.540693	0.158512	-0.783582
64698	-9.081653	0.425588	3.632603	0.015841	-0.026234	-0.022263	0.261849	0.540457	0.158402	-0.783741
64699	-9.076268	0.430107	3.657377	0.002418	-0.040139	-0.017871	0.261915	0.540217	0.158324	-0.783901
64700	-9.074402	0.429461	3.662082	0.002522	-0.038979	-0.017866	0.261964	0.539993	0.158242	-0.784055
64701	-9.081489	0.385889	3.667610	-0.020331	-0.000920	-0.010988	0.262050	0.539784	0.158176	-0.784183
64702	-9.064658	0.432019	3.657638	0.012537	-0.034257	-0.028432	0.262105	0.539601	0.158070	-0.784312
64703	-9.061930	0.451830	3.667213	0.019138	-0.052678	-0.026573	0.262174	0.539416	0.157981	-0.784434
64704	-9.061730	0.431820	3.664910	0.012716	-0.031876	-0.028425	0.262215	0.539259	0.157890	-0.784547
64705	-9.072120	0.444873	3.699252	-0.000395	-0.054821	-0.005408	0.262227	0.539113	0.157778	-0.784666
64706	-9.052523	0.495169	3.707447	0.019031	-0.103232	-0.018428	0.262187	0.539012	0.157749	-0.784755
64707	-9.045902	0.441590	3.698274	-0.004116	-0.056109	-0.030182	0.262104	0.538951	0.157773	-0.784819
64708	-9.060482	0.406031	3.665850	0.006575	-0.007508	-0.030278	0.261989	0.538913	0.157787	-0.784881
64709	-9.036307	0.444442	3.705282	-0.007623	-0.066529	-0.036338	0.261806	0.538927	0.157758	-0.784938
64710	-9.051048	0.469697	3.720879	-0.000681	-0.093987	-0.015841	0.261578	0.539000	0.157790	-0.784958
64711	-9.047202	0.449556	3.699414	0.002740	-0.070888	-0.028282	0.261303	0.539129	0.157817	-0.784955
64712	-9.102871	0.434147	3.632148	0.061171	-0.014799	-0.002525	0.261047	0.539232	0.157965	-0.784939
64713	-9.069569	0.382301	3.634084	0.020530	0.013484	-0.034691	0.260748	0.539333	0.158042	-0.784954
64714	-9.084760	0.351158	3.651204	-0.005740	0.029674	-0.015415	0.260441	0.539396	0.158068	-0.785008
64715	-9.073741	0.394732	3.667624	0.003784	-0.021022	-0.017812	0.260125	0.539468	0.158079	-0.785061
64716	-9.097619	0.430322	3.681230	0.020945	-0.055224	0.010745	0.259817	0.539527	0.158095	-0.785119
64717	-9.069108	0.395420	3.702827	-0.023071	-0.048743	-0.008959	0.259487	0.539604	0.158167	-0.785161
64718	-9.070903	0.383250	3.647576	0.013955	-0.015208	-0.028386	0.259162	0.539680	0.158298	-0.785189
64719	-9.072955	0.364416	3.691407	-0.029435	-0.026920	-0.010840	0.258836	0.539767	0.158353	-0.785226
64720	-9.087836	0.339171	3.609329	0.024703	0.034499	-0.028555	0.258521	0.539829	0.158493	-0.785259
64721	-9.083540	0.378491	3.638293	0.024318	-0.018545	-0.020334	0.258211	0.539880	0.158518	-0.785321
64722	-9.102769	0.383205	3.680351	0.001343	-0.043757	0.013315	0.257927	0.539906	0.158641	-0.785372
64723	-9.075146	0.321426	3.644698	-0.012324	0.014635	-0.027747	0.257648	0.539921	0.158699	-0.785441
64724	-9.120786	0.354554	3.630910	0.032154	0.001474	0.010596	0.257402	0.539908	0.158789	-0.785512
64725	-9.095263	0.369568	3.631707	0.034793	-0.020625	-0.012276	0.257114	0.539897	0.158801	-0.785612
64726	-9.111691	0.353250	3.637229	0.028641	-0.008924	0.004452	0.256859	0.539847	0.158840	-0.785722
64727	-9.084334	0.333567	3.647416	0.004651	-0.006952	-0.017792	0.256608	0.539793	0.158872	-0.785834
64728	-9.109424	0.329055	3.651873	0.008619	-0.002010	0.006986	0.256408	0.539750	0.158911	-0.785921
64729	-9.087844	0.320270	3.627929	0.018240	0.010463	-0.022237	0.256233	0.539709	0.158931	-0.786003
64730	-9.090916	0.318537	3.660780	-0.005023	-0.005704	-0.007205	0.256079	0.539654	0.158944	-0.786088
64731	-9.109592	0.312414	3.600644	0.045774	0.033879	-0.012501	0.255950	0.539585	0.158899	-0.786186
64732	-9.126809	0.259380	3.596950	0.026533	0.084704	0.000370	0.255845	0.539463	0.158756	-0.786333
64733	-9.111479	0.292554	3.632882	0.016011	0.038468	0.000606	0.255758	0.539317	0.158509	-0.786511
64734	-9.064981	0.317148	3.699164	-0.032049	-0.022093	-0.016935	0.255733	0.539164	0.158255	-0.786675
64735	-9.084934	0.397762	3.729514	-0.001810	-0.095332	0.015559	0.255674	0.539047	0.158054	-0.786815
64736	-9.077734	0.404866	3.770565	-0.028806	-0.124233	0.024491	0.255569	0.538958	0.158296	-0.786861
64737	-9.074982	0.271118	3.637357	0.002006	0.046255	-0.032247	0.255538	0.538889	0.158975	-0.786782
64738	-9.078446	0.298033	3.828364	-0.125357	-0.086607	0.043282	0.255637	0.538800	0.160100	-0.786583
64739	-9.010644	0.347839	3.751138	-0.060522	-0.127553	-0.047253	0.255300	0.539549	0.161471	-0.785898
64740	-8.975810	0.272807	3.808800	-0.181902	-0.135602	-0.061029	0.254209	0.541612	0.162034	-0.784716
64741	-9.264604	0.212844	3.147061	0.334345	0.293526	-0.035983	0.252580	0.544398	0.160998	-0.783527
64742	-9.120141	0.418504	3.590919	0.014440	-0.149584	-0.003300	0.251310	0.546422	0.159630	-0.782806
64743	-9.281494	0.248653	3.411531	0.062910	0.117395	0.078147	0.249948	0.548498	0.157753	-0.782170
64744	-9.342737	0.335359	3.266964	0.197895	0.142867	0.087439	0.248553	0.550450	0.154714	-0.781850
64745	-9.219288	0.376698	3.431675	0.013877	0.021845	0.031737	0.247448	0.552181	0.151580	-0.781594
64746	-9.601402	0.263615	3.052657	0.312285	0.419566	0.252166	0.246205	0.554316	0.147752	-0.781208
64747	-9.427143	0.250041	3.149544	0.137448	0.381975	0.121502	0.245451	0.555692	0.143998	-0.781169
64748	-9.008219	0.626637	3.489058	-0.078962	-0.154068	-0.133635	0.245016	0.556589	0.140763	-0.781257
64749	-9.198943	0.632587	3.458285	-0.027032	-0.063673	0.034928	0.244708	0.557448	0.138105	-0.781215
64750	-9.494218	0.355655	3.145889	0.132788	0.423468	0.185621	0.244645	0.558290	0.135355	-0.781115
64751	-9.443909	0.523357	3.110055	0.211340	0.325415	0.136334	0.244744	0.558939	0.132488	-0.781111
64752	-9.090141	0.472374	3.432249	-0.192000	0.179584	-0.088244	0.245132	0.559398	0.129517	-0.781159
64753	-8.747039	0.734272	3.790908	-0.459232	-0.245100	-0.265454	0.245522	0.559764	0.126652	-0.781244
64754	-8.861162	0.719487	3.568653	-0.275123	-0.058499	-0.236997	0.245980	0.560177	0.124089	-0.781216
64755	-8.920282	0.620016	3.462409	-0.242634	0.130129	-0.227899	0.246587	0.560539	0.121804	-0.781124
64756	-8.769232	0.668143	3.594333	-0.383578	0.030831	-0.319699	0.247273	0.560880	0.119527	-0.781014
64757	-8.731769	0.841872	3.668107	-0.385040	-0.121359	-0.312981	0.248202	0.561263	0.117451	-0.780759
64758	-8.876543	0.790101	3.557591	-0.303840	0.048127	-0.222122	0.249240	0.561620	0.115517	-0.780461
64759	-8.812036	0.800177	3.635299	-0.398995	0.025106	-0.255088	0.250202	0.561988	0.113627	-0.780165
64760	-8.722532	0.645906	3.718390	-0.587754	0.131110	-0.327782	0.251171	0.562399	0.111925	-0.779803
64761	-8.883546	1.320415	3.501913	-0.050528	-0.275556	-0.177041	0.251983	0.563013	0.110257	-0.779336
64762	-8.965398	1.983602	3.337630	0.417905	-0.721689	-0.078353	0.253119	0.563487	0.109322	-0.778757
64763	-8.860776	1.564054	3.540711	-0.004684	-0.464073	-0.154487	0.254443	0.563842	0.109349	-0.778064
64764	-8.966710	1.358007	3.445173	-0.017849	-0.210559	-0.113686	0.255900	0.564152	0.110084	-0.777258
64765	-8.998461	1.631449	3.525671	0.052232	-0.472856	-0.023001	0.257770	0.564371	0.111656	-0.776256
64766	-9.184541	1.746887	3.253473	0.377816	-0.407444	0.070820	0.260036	0.564153	0.114365	-0.775263
64767	-8.939135	1.875138	3.259442	0.391071	-0.610213	-0.141967	0.261887	0.563827	0.118043	-0.774326
64768	-8.849826	1.701465	3.503268	0.090980	-0.646478	-0.165885	0.262601	0.564024	0.122216	-0.773292
64769	-9.546368	1.322688	3.097918	0.387301	-0.014341	0.303095	0.262626	0.564542	0.126752	-0.772175
64770	-9.280415	1.357225	3.314226	0.175403	-0.288812	0.129026	0.262100	0.564883	0.130684	-0.771449
64771	-9.336932	1.652990	3.251868	0.409269	-0.565210	0.187203	0.260908	0.565340	0.134731	-0.770821
64772	-9.083895	1.121280	3.422819	-0.064593	-0.352270	-0.047383	0.258959	0.566037	0.138827	-0.770240
64773	-9.144692	1.062614	3.517218	-0.157629	-0.429176	0.031878	0.256373	0.567613	0.142805	-0.769217
64774	-9.370618	0.796762	3.043181	0.119732	-0.023187	0.071054	0.253204	0.569713	0.146726	-0.767976
64775	-9.356125	0.814506	3.229691	-0.042825	-0.247722	0.115404	0.249454	0.572036	0.150626	-0.766720
64776	-9.424367	0.572520	3.075862	-0.057764	-0.075761	0.116908	0.245085	0.574872	0.154565	-0.765222
64777	-9.372864	0.882566	3.343876	-0.152967	-0.618609	0.157418	0.239993	0.578345	0.158836	-0.763343
64778	-9.533981	0.809507	3.362403	-0.217715	-0.701021	0.302447	0.234058	0.582614	0.164367	-0.760763
64779	-9.746627	0.723330	3.594813	-0.469481	-0.912760	0.549963	0.227065	0.587895	0.170745	-0.757408
64780	-10.092684	0.870351	3.878109	-0.633326	-1.377814	0.927561	0.218980	0.594162	0.178478	-0.753103
64781	-10.881336	1.073776	5.018359	-1.413579	-2.350963	1.900695	0.209525	0.601423	0.187485	-0.747823
64782	-11.720268	0.524609	6.140556	-2.631919	-2.747086	2.870243	0.197461	0.610697	0.194592	-0.741750
64783	-11.417395	0.973587	7.673086	-4.005707	-4.284414	2.667580	0.180974	0.623156	0.197903	-0.734684
64784	-12.046387	-0.198439	4.294978	-1.958472	-1.877419	2.686177	0.167690	0.636687	0.200282	-0.725532
64785	-12.290418	2.457257	2.528664	0.577624	-3.640943	2.429932	0.158441	0.646694	0.204754	-0.717467
64786	-13.904658	6.901560	2.090374	3.148412	-7.730824	3.440331	0.154288	0.651031	0.222809	-0.709021
64787	-10.609756	4.169254	3.895690	0.016712	-6.474553	0.345126	0.158000	0.649501	0.251299	-0.700024
64788	-5.695313	3.001798	7.591894	-3.890258	-7.415981	-4.435046	0.172320	0.644705	0.281208	-0.689625
64789	-6.699555	1.694466	5.756840	-2.701296	-5.720987	-3.420729	0.197722	0.641356	0.305129	-0.675622
64790	-6.403413	5.968566	7.528077	-0.846847	-10.150624	-4.380010	0.229813	0.635865	0.321579	-0.662910
64791	-5.267811	5.693891	7.376806	-0.353454	-9.709798	-5.325616	0.265951	0.625255	0.340291	-0.650022
64792	-6.069897	1.731124	5.452933	-1.495881	-5.729273	-3.939190	0.300619	0.611074	0.356188	-0.639802
64793	-6.914584	1.567120	4.768924	-0.811471	-5.030367	-2.954460	0.331819	0.595554	0.366218	-0.633321
64794	-7.727683	2.774624	4.421545	0.767313	-5.150114	-2.077371	0.360218	0.578517	0.373481	-0.629344
64795	-8.771025	2.226617	3.678455	1.003606	-3.878535	-0.904722	0.386287	0.560033	0.379737	-0.626853
64796	-10.114044	2.601978	2.902087	2.011555	-2.842701	0.450701	0.408850	0.541745	0.382547	-0.626906
64797	-11.633133	4.398808	2.036332	4.315538	-2.056204	1.846702	0.428354	0.524048	0.381756	-0.629403
64798	-12.428529	5.741939	1.281365	6.075682	-1.073346	2.474363	0.446653	0.505611	0.379167	-0.633318
64799	-12.417991	6.228699	0.428687	6.941435	0.271919	2.224041	0.465574	0.486811	0.375381	-0.636667
64800	-11.694056	7.537159	-0.181569	8.360593	1.046885	1.257240	0.487275	0.467371	0.373078	-0.636349
64801	-11.471937	7.372475	-1.236594	8.390599	2.838664	0.625824	0.513278	0.446274	0.375530	-0.629574
64802	-11.487002	6.440686	-2.578335	7.474797	5.142852	0.070818	0.543387	0.424646	0.381226	-0.615690
64803	-12.324203	5.515653	-4.152311	6.202841	7.846058	0.157779	0.576822	0.404339	0.388153	-0.594242
64804	-12.283023	5.768275	-4.225385	5.567948	8.658742	-0.020169	0.612392	0.383760	0.395634	-0.566726
64805	-8.048891	0.859605	-5.284050	-0.182599	8.093247	-4.537511	0.648070	0.369735	0.403555	-0.529571
64806	-11.044967	3.572242	-8.639822	0.471712	12.720903	-2.946604	0.680331	0.364201	0.410874	-0.485479
64807	-13.773188	9.384391	-9.792413	3.746102	16.274914	-0.089729	0.703535	0.360771	0.414373	-0.450753
64808	-14.831325	6.366982	-9.956077	-0.769549	15.830409	0.594849	0.716814	0.339058	0.440191	-0.421247
64809	-18.127286	-9.944432	-16.581906	-19.603265	15.279564	-0.620947	0.724811	0.319551	0.459769	-0.401433
64810	-17.938970	-13.661776	-5.602428	-18.876504	3.533224	3.264980	0.727140	0.314091	0.463606	-0.397094
64811	-10.626997	-10.198531	3.158225	-10.525688	-4.235410	0.095433	0.725928	0.325291	0.452504	-0.403056
64812	-6.013503	14.070440	8.472005	14.209994	0.453907	0.369252	0.704359	0.340338	0.454226	-0.426295
64813	-9.342871	-0.865722	5.134639	-1.051547	-2.070951	0.627707	0.707043	0.329042	0.467701	-0.416025
64814	-10.477333	-1.768113	0.478914	-3.720653	1.824667	-0.016906	0.704181	0.335694	0.465414	-0.418125
64815	-9.072122	2.802841	3.872388	1.973864	0.334942	0.244442	0.702646	0.335257	0.469475	-0.416515
64816	-9.341352	1.193734	3.384155	0.349797	0.129605	0.187245	0.701737	0.333079	0.473831	-0.414858
64817	-9.714729	0.097967	3.029433	-0.781689	0.058647	0.333651	0.701930	0.329944	0.477553	-0.412764
64818	-9.421024	0.368408	3.284073	-0.333953	-0.136912	0.164597	0.702555	0.327997	0.479963	-0.410451
64819	-9.489299	0.965830	3.406809	0.263949	0.028069	0.312304	0.703562	0.325623	0.482307	-0.407859
64820	-9.474238	0.177887	2.854949	-0.639048	0.145338	0.062232	0.704716	0.323677	0.483859	-0.405574
64821	-9.050615	1.299267	3.715646	0.805316	-0.203229	0.021839	0.705558	0.322426	0.485301	-0.403377
64822	-9.360597	1.042892	3.071252	0.260870	0.301167	0.085909	0.705984	0.321398	0.486986	-0.401416
64823	-9.313299	0.675649	2.971154	-0.085951	0.194663	-0.015927	0.706496	0.320492	0.488116	-0.399863
64824	-9.333962	1.128462	3.182203	0.402733	0.220479	0.102548	0.706834	0.320184	0.488871	-0.398589
64825	-9.159865	0.719434	3.201145	0.086924	-0.038731	-0.083403	0.707376	0.319549	0.489630	-0.397203
64826	-9.372530	0.846655	3.186469	0.147640	0.081931	0.121407	0.708019	0.319000	0.490105	-0.395911
64827	-9.336026	0.772845	3.133841	0.064622	0.081063	0.065008	0.708683	0.318288	0.490465	-0.394848
64828	-9.290359	0.888031	3.177378	0.190755	0.089250	0.043821	0.709331	0.317631	0.490704	-0.393915
64829	-9.230737	1.079950	3.220743	0.387539	0.131643	0.014747	0.709788	0.317108	0.490916	-0.393249
64830	-9.221567	1.016608	3.220494	0.335450	0.102030	0.001559	0.709969	0.316586	0.491283	-0.392885
64831	-9.195140	0.860738	3.283701	0.238999	-0.030967	-0.013908	0.709884	0.316228	0.491724	-0.392775
64832	-9.215346	0.863872	3.197932	0.211203	0.047201	-0.022448	0.709603	0.315931	0.492278	-0.392827
64833	-9.174282	1.000824	3.366094	0.428361	-0.040662	0.001308	0.709158	0.315606	0.492995	-0.392995
64834	-9.134563	0.987850	3.281210	0.409396	0.012143	-0.065143	0.708495	0.315207	0.493941	-0.393321
64835	-9.234167	1.009974	3.281656	0.436970	0.043502	0.029377	0.707615	0.314721	0.495228	-0.393676
64836	-9.234078	0.771138	3.181267	0.219543	0.008743	-0.018051	0.706545	0.314114	0.496709	-0.394217
64837	-9.301576	0.687976	3.130648	0.151950	0.023939	0.024474	0.705368	0.313441	0.498323	-0.394822
64838	-9.308874	0.669132	3.099451	0.164138	0.039144	0.019953	0.704155	0.312681	0.499975	-0.395500
64839	-9.309750	0.597709	3.112740	0.152547	-0.008212	0.020640	0.702951	0.311832	0.501619	-0.396232
64840	-9.315660	0.493577	2.920014	0.019797	0.105614	-0.038236	0.701777	0.310948	0.503156	-0.397057
64841	-9.288276	0.602430	2.995716	0.196610	0.089581	-0.037081	0.700693	0.310097	0.504470	-0.397969
64842	-9.358675	0.430357	2.971105	0.065000	0.051012	0.015357	0.699616	0.308989	0.505896	-0.398913
64843	-9.395492	0.330149	2.891280	-0.023307	0.088238	0.022723	0.698702	0.307940	0.506990	-0.399937
64844	-9.481820	0.398857	3.059141	0.135337	0.014780	0.157451	0.697863	0.306823	0.507847	-0.401171
64845	-9.363827	0.743132	2.831841	0.391677	0.358769	-0.016231	0.697006	0.305699	0.508434	-0.402772
64846	-9.260788	0.237449	3.138774	0.138807	-0.147157	-0.033659	0.695967	0.304591	0.509276	-0.404340
64847	-9.368974	0.638408	3.003677	0.456454	0.200489	0.034067	0.694595	0.303718	0.510204	-0.406184
64848	-9.376014	0.704484	2.766459	0.458655	0.447576	-0.032696	0.692810	0.302683	0.511452	-0.408430
64849	-9.289127	0.434002	2.900183	0.354443	0.198195	-0.080165	0.690481	0.301833	0.512917	-0.411156
64850	-9.105061	1.739646	4.414833	2.286745	-0.520497	0.183233	0.686993	0.301447	0.515208	-0.414405
64851	-9.702595	2.077574	4.353550	2.625042	-0.171009	0.698565	0.681677	0.298305	0.521836	-0.417154
64852	-10.032834	0.856193	4.040684	1.584243	-0.403357	0.913002	0.675251	0.294564	0.529744	-0.420285
64853	-9.916822	-0.752253	3.963565	0.378158	-1.133009	0.826254	0.668256	0.290807	0.537924	-0.423678
64854	-9.968378	-0.792256	4.390885	0.773817	-1.542184	0.971295	0.661324	0.288476	0.545851	-0.426003
64855	-10.149683	-0.733564	4.223071	0.976622	-1.395051	1.072297	0.654177	0.286010	0.554883	-0.427032
64856	-10.201912	-0.852290	4.100154	1.066165	-1.419043	1.071231	0.647022	0.282956	0.564947	-0.426771
64857	-10.472936	0.533014	3.857261	2.440193	-0.596037	1.074346	0.639689	0.278780	0.575926	-0.425897
64858	-10.589837	0.721426	3.315528	2.645200	-0.095002	0.987416	0.631862	0.272517	0.588389	-0.424597
64859	-10.796852	1.406195	3.551740	3.710587	0.031798	1.021609	0.623893	0.263124	0.602660	-0.422285
64860	-11.400163	-0.287169	2.353445	2.093105	0.317756	1.636640	0.615201	0.251731	0.617361	-0.420743
64861	-11.100561	0.640784	3.140884	3.692919	0.050463	1.134441	0.603772	0.241812	0.631553	-0.422052
64862	-11.376973	1.511635	1.558736	4.034550	1.857529	0.883228	0.591000	0.231276	0.646635	-0.423194
64863	-11.627741	1.970354	-0.804346	3.548400	4.155839	0.668537	0.581620	0.213606	0.661129	-0.423083
64864	-9.051410	-0.203442	0.395353	2.288696	1.623458	-1.196483	0.579630	0.180801	0.678676	-0.413206
64865	-6.604413	-5.661350	1.143302	-1.513635	-2.685048	-1.599431	0.586096	0.149126	0.694041	-0.390589
64866	-8.371323	-0.717095	1.296762	2.623740	0.729369	-1.759191	0.592916	0.134526	0.703942	-0.367176
64867	-7.764481	5.638374	2.979186	7.579531	3.945908	-4.529604	0.606484	0.120511	0.711610	-0.333564
64868	-6.519212	2.518181	3.436861	5.561951	1.403417	-4.546148	0.621910	0.099530	0.720528	-0.290107
64869	-5.942680	-1.094782	3.311026	3.384112	-1.358919	-3.966533	0.638650	0.083163	0.723017	-0.249914
64870	-5.871178	0.321558	3.645573	4.235859	-0.228746	-4.347740	0.655555	0.072563	0.719753	-0.216652
64871	-6.385474	1.811703	3.726515	4.772729	1.290383	-4.025692	0.672026	0.061822	0.713760	-0.187364
64872	-6.899949	1.119330	3.748446	4.327258	0.885694	-3.225310	0.688338	0.049253	0.705458	-0.161537
64873	-7.880617	-0.091171	3.578209	3.554047	0.083435	-1.921656	0.704818	0.037280	0.694601	-0.139184
64874	-8.945633	0.081983	3.744023	3.414857	0.452716	-0.748044	0.721611	0.027678	0.681262	-0.119973
64875	-10.471712	1.270071	3.556936	2.959955	1.905469	0.746839	0.738540	0.019907	0.666040	-0.102733
64876	-12.296650	3.208327	2.298570	1.298016	4.251670	2.310826	0.755447	0.012748	0.649366	-0.086382
64877	-13.053023	5.116813	0.791139	-0.754150	6.362864	2.680325	0.772113	0.004424	0.631658	-0.069490
64878	-12.982989	5.734465	-0.737138	-3.003690	6.978860	2.195283	0.787912	-0.006063	0.613730	-0.049929
64879	-12.707659	5.642368	-1.750032	-4.793521	6.644298	1.553197	0.802030	-0.019440	0.596446	-0.024924
64880	-13.015188	3.775552	-3.006194	-6.938715	4.304682	1.409135	0.813431	-0.033892	0.580625	0.007501
64881	-12.732802	1.164687	-2.818018	-7.121665	0.949246	1.129442	0.821000	-0.045519	0.567251	0.045971
64882	-11.729210	-4.378212	-1.612333	-5.087164	-5.231074	0.484475	0.823626	-0.049923	0.557944	0.088579
64883	-10.359858	3.118871	-6.467480	-10.283594	0.475351	-2.546670	0.819209	-0.044831	0.555898	0.133656
64884	-16.467990	17.146716	-6.017451	-15.909198	11.902166	4.557562	0.812745	-0.056812	0.556695	0.162198
64885	-14.390143	-12.903050	-14.204750	-12.595415	-19.240276	-3.014549	0.806274	-0.088427	0.552731	0.191290
64886	-15.409515	-12.881991	-8.338405	-6.950488	-17.892007	0.409076	0.804711	-0.098466	0.552627	0.193260
64887	-12.778001	-12.598384	1.869340	2.580638	-13.507476	1.865270	0.804802	-0.090216	0.554635	0.191140
64888	-6.260587	6.575161	5.775213	0.581511	6.667631	-1.388078	0.805925	-0.077123	0.560318	0.174876
64889	-9.701838	5.364921	5.993356	0.302645	4.968416	1.765316	0.802569	-0.084067	0.563344	0.177366
64890	-10.110658	-3.349933	1.743032	-0.344778	-4.492461	-0.005319	0.801865	-0.085203	0.563760	0.178682
64891	-9.376305	2.209258	4.238491	0.029250	1.592890	0.590316	0.801610	-0.085059	0.563392	0.181041
64892	-9.285964	1.345284	3.815435	-0.003258	0.655931	0.295041	0.801199	-0.087397	0.562472	0.184574
64893	-9.363644	0.827852	3.440735	-0.180828	0.032028	0.195710	0.801198	-0.089918	0.560847	0.188276
64894	-9.327922	0.389289	3.480894	0.005597	-0.362106	0.144574	0.801448	-0.091901	0.558955	0.191847
64895	-8.877048	0.996708	4.254052	0.539901	0.537621	0.051983	0.801696	-0.093200	0.557247	0.195121
64896	-9.307168	0.616283	3.485987	-0.126276	-0.178802	0.142580	0.801551	-0.095424	0.556157	0.197738
64897	-8.875939	0.768172	3.952661	0.328540	0.217558	-0.074072	0.801009	-0.097922	0.555114	0.201605
64898	-8.883760	0.873652	4.025890	0.325284	0.329983	-0.031200	0.801156	-0.099029	0.553798	0.204083
64899	-8.993950	0.999429	3.611578	-0.132908	0.254254	-0.073532	0.800771	-0.100722	0.552901	0.207177
64900	-8.785607	1.338049	3.947267	0.058215	0.722020	-0.115602	0.800469	-0.101994	0.552197	0.209584
64901	-8.698760	1.393637	4.019180	0.114388	0.812041	-0.164270	0.799987	-0.102980	0.551955	0.211569
64902	-8.849354	0.998529	3.914024	0.157784	0.381880	-0.093790	0.799111	-0.104118	0.552296	0.213425
64903	-9.001597	1.092696	3.995116	0.152475	0.464298	0.084021	0.798186	-0.105006	0.552857	0.214995
64904	-9.089300	0.784287	3.753462	0.077360	0.081150	0.051710	0.797147	-0.106453	0.553471	0.216551
64905	-9.111116	0.899425	3.759432	0.040171	0.191474	0.082586	0.796304	-0.107608	0.554025	0.217662
64906	-9.085454	0.799115	3.803952	0.143603	0.136323	0.067337	0.795639	-0.108612	0.554450	0.218514
64907	-9.128361	0.806378	3.730691	0.076034	0.113077	0.080578	0.795028	-0.109649	0.554757	0.219435
64908	-9.083553	0.971197	3.703752	-0.002172	0.268059	0.041249	0.794632	-0.110470	0.554980	0.219893
64909	-8.980224	1.024771	3.672429	-0.020451	0.337332	-0.062452	0.794477	-0.111185	0.555076	0.219854
64910	-8.916752	0.721879	3.800056	0.244288	0.148536	-0.097326	0.794318	-0.111941	0.555180	0.219781
64911	-9.046873	0.714973	3.706927	0.133682	0.085062	-0.010989	0.794077	-0.112317	0.555436	0.219812
64912	-9.003594	0.891759	3.692224	0.059173	0.252650	-0.044110	0.793777	-0.112587	0.555839	0.219739
64913	-9.022866	0.836466	3.688539	0.082199	0.205671	-0.031683	0.793612	-0.112833	0.556123	0.219488
64914	-9.085928	0.792539	3.645779	0.051907	0.143410	0.008242	0.793547	-0.113010	0.556337	0.219090
64915	-8.965017	0.921359	3.734586	0.104464	0.328875	-0.063406	0.793454	-0.113283	0.556529	0.218801
64916	-9.014116	0.619106	3.701341	0.204898	0.044001	-0.050844	0.793275	-0.113516	0.556774	0.218703
64917	-9.096812	0.763694	3.658088	0.084455	0.140068	0.020423	0.793038	-0.113533	0.557126	0.218660
64918	-9.093255	0.978794	3.684265	0.013055	0.347533	0.041154	0.792935	-0.113818	0.557308	0.218423
64919	-9.094484	0.958190	3.668999	0.008876	0.333809	0.035044	0.793001	-0.114281	0.557331	0.217879
64920	-9.040799	1.037782	3.667859	-0.018488	0.428330	-0.010525	0.793236	-0.114691	0.557177	0.217199
64921	-9.084678	0.909395	3.710655	0.052128	0.335511	0.036780	0.793654	-0.115213	0.556758	0.216472
64922	-9.045853	0.782307	3.645207	0.051396	0.216838	-0.031210	0.794185	-0.115534	0.556266	0.215617
64923	-9.102434	0.613237	3.710526	0.148452	0.090614	0.034550	0.794877	-0.115635	0.555654	0.214587
64924	-9.042286	0.946350	3.820816	0.086435	0.453955	0.038382	0.795700	-0.115584	0.555060	0.213098
64925	-9.098129	0.791159	3.739986	0.052158	0.288045	0.051571	0.796394	-0.116137	0.554561	0.211498
64926	-9.018894	1.034923	3.822343	0.013937	0.578576	0.020256	0.797118	-0.116747	0.554059	0.209741
64927	-9.009197	0.674221	3.825140	0.160421	0.283990	-0.007309	0.797771	-0.117435	0.553510	0.208319
64928	-9.014981	0.498245	3.805869	0.204031	0.142116	-0.017746	0.798303	-0.118002	0.553309	0.206488
64929	-8.958509	0.413815	3.828637	0.266888	0.113485	-0.065872	0.798649	-0.118394	0.553450	0.204538
64930	-8.924416	0.367497	3.869139	0.329698	0.120478	-0.085035	0.798791	-0.118450	0.554038	0.202346
64931	-8.974485	0.392865	3.854660	0.298966	0.157108	-0.043350	0.798605	-0.118642	0.555143	0.199925
64932	-8.888843	0.754420	3.917170	0.240317	0.560675	-0.088873	0.798149	-0.118761	0.556897	0.196775
64933	-9.002866	0.662373	3.864987	0.234126	0.488458	-0.007863	0.797227	-0.119558	0.559309	0.193156
64934	-9.044344	0.901648	4.019367	0.294491	0.826632	0.086691	0.795949	-0.120784	0.562204	0.189218
64935	-9.017954	1.441962	4.497947	0.535850	1.596157	0.227143	0.794308	-0.123221	0.565461	0.184786
64936	-9.177712	1.991327	5.178485	0.896624	2.463024	0.586336	0.792130	-0.128307	0.568799	0.180374
64937	-9.592508	2.753241	5.238873	0.551228	3.315480	0.945597	0.789054	-0.137760	0.572224	0.175997
64938	-9.688549	0.490227	5.633005	1.828044	1.705962	1.122421	0.784685	-0.154544	0.574002	0.175803
64939	-9.278459	-2.379692	6.325511	3.832978	-0.188741	1.005237	0.778942	-0.168812	0.577455	0.176911
64940	-9.865775	-0.122031	5.250423	1.850343	1.576632	1.095910	0.771304	-0.179145	0.584781	0.176146
64941	-12.061383	3.805821	2.401297	-2.864173	3.759971	2.161646	0.763650	-0.193027	0.588492	0.182365
64942	-10.135757	5.408697	3.752460	-2.150841	6.042045	0.430834	0.755749	-0.213873	0.587312	0.195361
64943	-8.275007	4.645126	3.596673	-1.725183	5.456156	-1.432256	0.744173	-0.241636	0.582671	0.219805
64944	-8.818216	1.850992	2.317557	-1.396803	2.402826	-0.933926	0.727600	-0.270447	0.576769	0.254549
64945	-8.813482	2.180621	2.830008	-1.353453	2.865668	-0.846431	0.709334	-0.293440	0.569369	0.294207
64946	-7.891465	3.265463	3.756197	-1.563616	4.134711	-1.597100	0.690788	-0.313129	0.559376	0.334456
64947	-7.496739	2.109766	3.574133	-0.891909	3.125206	-1.884383	0.672175	-0.332304	0.546401	0.373097
64948	-7.897686	0.035680	2.668022	0.291252	1.079041	-1.551767	0.655302	-0.347543	0.532279	0.408010
64949	-8.233241	-0.596356	2.456193	0.765758	0.436329	-1.245518	0.640854	-0.357328	0.518636	0.438907
64950	-8.113518	-0.062626	2.872181	0.485988	0.885996	-1.265252	0.628228	-0.362824	0.505861	0.466682
64951	-8.377979	1.448604	2.712739	-0.953417	0.928991	-0.988347	0.617898	-0.363750	0.494780	0.491001
64952	-9.463796	4.948778	2.077052	-4.452191	0.622725	0.093811	0.607205	-0.365450	0.482646	0.514589
64953	-10.056580	6.478482	0.012504	-6.303866	-1.676339	0.213577	0.596687	-0.369281	0.467427	0.537688
64954	-9.481249	6.357930	-0.424964	-6.111966	-2.521334	-0.498510	0.584141	-0.374834	0.450957	0.561174
64955	-9.182843	5.025204	-1.329706	-4.654850	-3.938078	-1.202099	0.568045	-0.379778	0.436239	0.585483
64956	-8.777698	4.186108	-1.204245	-3.460432	-4.117170	-1.622945	0.548422	-0.381988	0.426131	0.609697
64957	-8.623886	4.573508	-0.593350	-3.398381	-3.806705	-1.471565	0.525497	-0.382100	0.420321	0.633389
64958	-11.690661	12.793544	2.105582	-10.613708	-3.422461	3.617355	0.506091	-0.382349	0.417406	0.650733
64959	-10.733180	2.654554	-5.235391	0.072584	-8.921888	-1.444349	0.482006	-0.418547	0.383769	0.667241
64960	-13.699234	-17.394304	-9.004976	21.131425	-8.033296	-2.066147	0.462596	-0.441175	0.360513	0.679264
64961	-18.443907	-23.338501	-3.210609	26.321289	-1.530896	4.329094	0.458535	-0.448488	0.354950	0.680158
64962	-10.014713	2.414274	2.343559	-1.077680	-1.677885	0.562040	0.472381	-0.434362	0.376292	0.668274
64963	-7.317454	8.589863	7.742590	-8.671532	2.645859	0.438003	0.472082	-0.443173	0.374712	0.663571
64964	-11.072744	-3.492111	0.541316	5.017235	-1.884980	0.500740	0.469605	-0.448094	0.371805	0.663660
64965	-9.587918	2.679179	3.027693	-1.747501	-0.794588	0.414136	0.468812	-0.448753	0.370222	0.664659
64966	-9.184847	0.446294	3.833812	0.118637	0.642475	0.128722	0.466981	-0.450854	0.366015	0.666852
64967	-9.596093	0.197204	2.928912	0.630235	-0.263797	0.199084	0.464948	-0.451107	0.363790	0.669315
64968	-9.278192	0.395220	3.697244	0.212090	0.445982	0.170633	0.462429	-0.451319	0.361124	0.672354
64969	-9.330825	0.121711	3.499977	0.552422	0.306712	0.133649	0.460132	-0.451015	0.359387	0.675060
64970	-9.223932	0.033372	3.504606	0.646237	0.350081	0.027232	0.457894	-0.450426	0.357958	0.677728
64971	-9.162934	0.560806	3.499017	0.173475	0.182233	0.008388	0.455564	-0.449641	0.357040	0.680299
64972	-9.119560	1.233477	3.482779	-0.426503	-0.049306	0.017527	0.453632	-0.448775	0.356251	0.682571
64973	-9.064172	0.994812	3.477447	-0.174555	0.019505	-0.055099	0.451718	-0.448074	0.355175	0.684859
64974	-8.988142	1.210747	3.636080	-0.402427	0.093723	-0.050371	0.450390	-0.446976	0.354574	0.686760
64975	-9.000395	1.363098	3.674915	-0.522056	0.054952	-0.009908	0.449179	-0.446113	0.353965	0.688426
64976	-9.021476	1.054786	3.718315	-0.218995	0.171655	-0.002081	0.448544	-0.445607	0.353206	0.689556
64977	-8.928485	1.014286	3.725243	-0.188901	0.205709	-0.089208	0.447571	-0.445430	0.352461	0.690683
64978	-8.897756	1.401926	3.845667	-0.580653	0.183148	-0.037520	0.446723	-0.445265	0.352134	0.691506
64979	-8.809383	1.429473	3.911860	-0.634383	0.257159	-0.092466	0.445798	-0.445437	0.351835	0.692143
64980	-8.916258	1.372000	3.855525	-0.541791	0.196550	-0.019070	0.444912	-0.446189	0.351456	0.692421
64981	-9.087616	0.929499	3.570999	-0.015988	0.050140	-0.004630	0.444402	-0.446791	0.351317	0.692431
64982	-9.035958	0.891093	3.706482	-0.035771	0.207268	-0.007773	0.443838	-0.447384	0.351180	0.692479
64983	-9.028374	0.829210	3.630401	0.038755	0.173326	-0.048089	0.443301	-0.447894	0.351341	0.692412
64984	-9.142489	0.895910	3.582540	0.010762	0.083712	0.047091	0.442864	-0.448413	0.351396	0.692328
64985	-9.091076	0.950689	3.582462	-0.056018	0.088296	0.004368	0.442733	-0.448799	0.351437	0.692141
64986	-9.042239	0.995827	3.596053	-0.119384	0.105760	-0.032099	0.442625	-0.449305	0.351382	0.691909
64987	-9.017813	0.931307	3.594956	-0.071825	0.140667	-0.061429	0.442500	-0.449753	0.351359	0.691710
64988	-9.068511	0.858484	3.572299	0.006803	0.137321	-0.029166	0.442359	-0.450159	0.351450	0.691490
64989	-9.035431	0.958519	3.662695	-0.126802	0.200816	-0.018981	0.442324	-0.450617	0.351599	0.691138
64990	-9.162182	0.668713	3.551796	0.194091	0.173874	0.033128	0.442249	-0.451137	0.351698	0.690796
64991	-9.161098	0.839029	3.453121	0.057483	0.035047	0.013258	0.442246	-0.451420	0.351864	0.690529
64992	-9.064803	1.085282	3.591254	-0.237845	0.105184	-0.005651	0.442394	-0.451598	0.351871	0.690315
64993	-9.070950	0.795228	3.614703	0.021313	0.226700	-0.018365	0.442509	-0.451846	0.351802	0.690114
64994	-9.017093	1.049779	3.647744	-0.243313	0.186730	-0.034039	0.442691	-0.452077	0.351918	0.689786
64995	-9.064918	0.938423	3.623033	-0.131220	0.194330	-0.008365	0.442889	-0.452553	0.351962	0.689324
64996	-9.090659	1.060331	3.579763	-0.240700	0.112757	0.011182	0.443204	-0.453172	0.351991	0.688700
64997	-9.034327	1.198466	3.596724	-0.404891	0.105907	-0.024092	0.443711	-0.454008	0.352079	0.687777
64998	-9.164946	1.307562	3.594688	-0.509632	0.036611	0.105304	0.444559	-0.455214	0.351729	0.686611
64999	-9.134751	0.445527	3.482294	0.285378	0.245431	-0.033797	0.445712	-0.456501	0.351088	0.685335
65000	-9.174137	1.038273	3.541058	-0.320052	0.086583	0.070218	0.446954	-0.457641	0.350838	0.683893
65001	-9.157514	1.227008	3.401286	-0.500559	-0.092734	0.019658	0.448536	-0.458819	0.350465	0.682258
65002	-9.097297	0.883748	3.539169	-0.279179	0.167628	-0.016706	0.450294	-0.460300	0.349876	0.680402
65003	-9.107945	0.374228	3.531246	0.147660	0.335510	-0.043873	0.451935	-0.462203	0.349475	0.678226
65004	-9.037764	0.507385	3.719840	-0.103984	0.500249	-0.039541	0.453385	-0.464417	0.349726	0.675611
65005	-9.064414	0.793256	3.771072	-0.451780	0.481699	0.014672	0.454830	-0.467547	0.350316	0.672166
65006	-9.180736	1.081146	3.911398	-0.835395	0.537881	0.175574	0.456168	-0.471894	0.350930	0.667889
65007	-9.255026	1.281339	4.128307	-1.196329	0.720232	0.306018	0.457783	-0.477597	0.350914	0.662718
65008	-9.601805	1.262737	4.161628	-1.302104	0.744899	0.620647	0.459225	-0.485006	0.350187	0.656697
65009	-9.935324	2.000143	4.852883	-2.374770	1.141582	1.110387	0.460843	-0.493749	0.348279	0.650028
65010	-10.339241	-0.514931	5.117129	-0.298362	2.182351	1.522644	0.460968	-0.505197	0.344366	0.643192
65011	-8.991330	-0.525675	7.490369	-1.386895	4.856418	0.756532	0.461005	-0.516157	0.346938	0.633001
65012	-11.928985	1.297941	3.136710	-1.795978	-0.141426	2.457910	0.455177	-0.528000	0.350111	0.625661
65013	-11.693126	6.394292	3.788236	-7.018852	-1.039084	2.087661	0.448776	-0.539409	0.342048	0.625013
65014	-10.466741	4.323728	3.027383	-5.033432	-0.969144	0.728857	0.432223	-0.558437	0.318708	0.632264
65015	-6.876578	5.273614	4.019803	-6.479808	-0.234335	-2.799707	0.401992	-0.579217	0.288717	0.647729
65016	-7.024374	5.440669	3.111880	-6.096814	-1.748963	-2.858789	0.354633	-0.599937	0.257033	0.669511
65017	-8.301085	4.573635	2.382195	-4.567380	-2.569185	-1.566393	0.296547	-0.616403	0.223960	0.694225
65018	-7.118982	3.862642	3.608628	-4.588750	-1.541804	-2.386281	0.236213	-0.626378	0.188486	0.718559
65019	-6.106246	0.823661	4.014876	-3.015563	0.832312	-3.157809	0.178151	-0.630629	0.151349	0.740043
65020	-6.183276	-2.219046	3.883576	-1.537401	3.231612	-3.072664	0.127235	-0.628920	0.119432	0.757632
65021	-7.773225	1.070430	4.256576	-2.735545	0.076340	-1.316220	0.084479	-0.622964	0.094884	0.771865
65022	-9.652224	4.692500	3.399456	-2.018183	-3.838214	0.574683	0.045232	-0.615893	0.067286	0.783647
65023	-10.104724	4.559324	1.873895	0.238598	-4.063092	0.665938	0.009527	-0.607106	0.037992	0.793655
65024	-10.255724	7.280358	-0.229707	2.846201	-6.871061	0.329415	-0.021038	-0.596529	0.012561	0.802217
65025	-9.540439	7.585642	-1.154897	4.293961	-6.990043	-0.727102	-0.047203	-0.585435	-0.007408	0.809310
65026	-11.207662	-0.195638	-1.335817	4.836624	1.244217	0.310384	-0.072444	-0.579054	-0.013785	0.811947
65027	-15.883208	15.366485	-10.803884	17.361533	-12.213082	2.615989	-0.091603	-0.582085	-0.026201	0.807527
65028	-18.765454	-20.050024	-22.460024	22.723470	25.644014	-0.636343	-0.114364	-0.582187	-0.051314	0.803334
65029	-11.552105	-12.094449	-1.195671	2.032309	13.486263	-0.059340	-0.106223	-0.582303	-0.035681	0.805212
65030	-7.204735	16.472801	10.951101	-4.908637	-16.929828	1.696574	-0.100511	-0.585838	-0.030404	0.803597
65031	-10.761400	-4.132586	-0.232534	2.620148	5.413115	0.024517	-0.103833	-0.587681	-0.040426	0.801383
65032	-9.934518	0.386624	2.675942	0.501034	0.366530	0.464442	-0.106555	-0.586931	-0.041528	0.801519
65033	-9.167417	0.536674	3.635879	-0.579393	-0.030042	0.046955	-0.109979	-0.586337	-0.043358	0.801395
65034	-9.414106	0.309902	2.957003	0.088005	0.360304	0.052792	-0.114057	-0.585426	-0.045226	0.801388
65035	-9.302477	0.116351	2.992164	-0.012048	0.557199	-0.056054	-0.118053	-0.584654	-0.045667	0.801348
65036	-9.304954	0.837913	3.172925	-0.003118	-0.134451	0.053084	-0.122241	-0.583550	-0.045919	0.801510
65037	-9.349379	0.768368	3.371505	-0.176074	-0.053142	0.153972	-0.126184	-0.582670	-0.045875	0.801541
65038	-9.380944	0.694059	3.147961	0.034375	0.116982	0.105903	-0.130073	-0.581627	-0.045932	0.801674
65039	-9.236746	0.472459	3.337092	-0.223142	0.314820	0.012168	-0.133668	-0.580499	-0.045691	0.801914
65040	-9.193731	1.121491	3.403670	-0.119630	-0.282351	0.050028	-0.137258	-0.579566	-0.045261	0.802007
65041	-9.146788	1.286726	3.321466	0.000598	-0.387838	-0.004478	-0.140271	-0.578518	-0.045167	0.802247
65042	-9.164987	1.450708	3.208219	0.173291	-0.482415	-0.008029	-0.142485	-0.577423	-0.044985	0.802656
65043	-9.065053	1.332337	3.512617	-0.146775	-0.430249	-0.010541	-0.144263	-0.576435	-0.045442	0.803023
65044	-9.105103	1.151115	3.338537	-0.007423	-0.195700	-0.048701	-0.145344	-0.575798	-0.045574	0.803278
65045	-8.974413	1.520307	3.700707	-0.267274	-0.647556	-0.011877	-0.145827	-0.575433	-0.045771	0.803440
65046	-9.093293	1.256426	3.496078	-0.115374	-0.327042	0.004078	-0.146276	-0.575670	-0.046259	0.803161
65047	-9.063151	1.245664	3.537356	-0.171013	-0.337446	-0.011558	-0.146327	-0.576104	-0.046683	0.802816
65048	-9.045446	1.002063	3.513225	-0.235371	-0.109786	-0.060792	-0.146309	-0.576940	-0.047056	0.802197
65049	-9.197163	0.927751	3.405704	-0.137424	-0.000261	0.037611	-0.146134	-0.578223	-0.047631	0.801271
65050	-9.156659	1.090730	3.441133	-0.165594	-0.188086	0.026651	-0.145736	-0.579583	-0.048178	0.800327
65051	-9.218104	1.153551	3.264901	0.000055	-0.219095	0.031883	-0.145158	-0.581038	-0.049054	0.799323
65052	-9.236736	0.862692	3.128691	0.021407	0.070255	-0.022655	-0.144565	-0.582287	-0.049863	0.798471
65053	-9.264431	0.798585	3.159923	-0.042209	0.106623	0.007664	-0.143968	-0.583407	-0.050563	0.797717
65054	-9.241393	0.878288	3.130515	-0.022666	0.015043	-0.016052	-0.143426	-0.584404	-0.051005	0.797057
65055	-9.255007	1.010962	3.147518	-0.018683	-0.133414	0.014105	-0.142784	-0.585369	-0.051705	0.796419
65056	-9.235334	0.894756	3.014430	0.049866	-0.017802	-0.056873	-0.142054	-0.586109	-0.052465	0.795955
65057	-9.213045	0.900654	3.028348	0.018553	-0.050421	-0.073112	-0.141342	-0.586795	-0.053091	0.795534
65058	-9.236603	0.627197	3.048493	-0.080789	0.192503	-0.068053	-0.140666	-0.587453	-0.053497	0.795141
65059	-9.285632	0.880997	3.196212	-0.146683	-0.095609	0.045517	-0.139852	-0.588154	-0.053960	0.794735
65060	-9.304944	1.036468	3.114528	-0.037180	-0.243356	0.051179	-0.138859	-0.588860	-0.054566	0.794346
65061	-9.319683	1.001216	3.044132	0.009188	-0.217425	0.040141	-0.137727	-0.589553	-0.055410	0.793970
65062	-9.333792	1.021567	3.123100	-0.061851	-0.283271	0.078363	-0.136364	-0.590005	-0.056364	0.793802
65063	-9.343522	1.030141	3.106404	-0.047462	-0.322199	0.082066	-0.134761	-0.590515	-0.057592	0.793609
65064	-9.249905	0.733986	3.239034	-0.282655	-0.124267	0.010515	-0.133086	-0.591193	-0.059081	0.793277
65065	-9.356263	0.782548	3.228998	-0.243377	-0.199782	0.110977	-0.131284	-0.592170	-0.060582	0.792735
65066	-9.317295	0.704403	3.129315	-0.199322	-0.159436	0.037964	-0.129283	-0.593363	-0.062506	0.792022
65067	-9.329575	0.446477	2.884708	-0.059381	0.091306	-0.037736	-0.127154	-0.594726	-0.064319	0.791199
65068	-9.287749	0.634835	2.921473	-0.082290	-0.160744	-0.057312	-0.124910	-0.596304	-0.065999	0.790230
65069	-9.330436	0.722449	3.112147	-0.256371	-0.348694	0.040062	-0.122323	-0.598178	-0.067947	0.789052
65070	-9.477644	0.777414	3.153407	-0.281385	-0.464949	0.191215	-0.119309	-0.600406	-0.070100	0.787632
65071	-9.514716	0.608428	3.455470	-0.649561	-0.453046	0.297315	-0.115970	-0.603294	-0.072625	0.785692
65072	-9.573658	0.352956	3.630155	-0.935984	-0.336021	0.383741	-0.112210	-0.607190	-0.075247	0.782986
65073	-9.846580	0.653095	4.351854	-1.570139	-0.884051	0.820801	-0.107650	-0.612170	-0.078074	0.779464
65074	-10.181610	-0.360190	4.081149	-1.616995	0.057779	1.042242	-0.102831	-0.617912	-0.081634	0.775208
65075	-10.180510	-0.461608	4.294497	-1.984102	-0.026169	1.066573	-0.097856	-0.623769	-0.084229	0.770870
65076	-8.943724	0.067704	6.745056	-4.617746	-1.276405	0.313127	-0.088948	-0.632750	-0.084071	0.764623
65077	-10.858623	-1.045539	1.578611	0.157349	0.951842	1.167070	-0.088077	-0.643876	-0.086650	0.755088
65078	-9.996964	1.154206	1.771911	0.155556	-1.313694	0.319484	-0.093787	-0.645910	-0.092882	0.751915
65079	-9.377440	0.499854	1.065500	0.567584	-0.540094	-0.394218	-0.106905	-0.643663	-0.106614	0.750269
65080	-7.004173	4.135017	2.722736	-0.160075	-4.556747	-2.548265	-0.130754	-0.637840	-0.125914	0.748472
65081	-7.950249	-0.292055	0.535298	0.665010	0.458020	-1.880178	-0.162555	-0.629970	-0.146539	0.745144
65082	-4.199419	1.723918	3.851808	-1.953812	-2.910398	-5.001200	-0.195298	-0.620245	-0.161286	0.742389
65083	-1.776875	2.255404	5.543063	-3.279511	-4.484850	-6.968411	-0.224892	-0.610039	-0.173511	0.739709
65084	-2.382479	1.559805	5.034772	-2.861964	-3.673682	-6.382597	-0.251065	-0.599782	-0.183468	0.737270
65085	-25.404111	7.492086	-7.423779	14.413710	2.435818	13.486225	-0.276678	-0.587359	-0.211565	0.730547
65086	-12.620100	-12.617250	-11.894745	2.580033	19.194536	-0.602804	-0.292071	-0.580939	-0.216047	0.728373
65087	-12.910015	-2.006302	-6.944029	5.877541	8.306312	0.928206	-0.290856	-0.578062	-0.206112	0.734006
65088	-7.867727	4.621988	12.472974	-4.790402	-9.744723	1.184025	-0.294441	-0.572969	-0.205393	0.736767
65089	-10.782192	-0.441126	2.380949	-0.129373	1.058436	1.186476	-0.299809	-0.569178	-0.206745	0.737162
65090	-9.211273	-0.575061	4.026845	-1.637391	-0.121087	0.121924	-0.306598	-0.563807	-0.205478	0.738849
65091	-9.508122	1.274226	2.680468	0.677900	-0.455098	0.114319	-0.313068	-0.560042	-0.206196	0.738799
65092	-9.166521	0.206570	2.830637	-0.181706	0.233974	-0.221450	-0.318583	-0.556151	-0.206211	0.739377
65093	-9.253128	0.861574	2.741929	0.383398	-0.073816	-0.131383	-0.322903	-0.552840	-0.205033	0.740313
65094	-8.878904	1.619513	3.514653	0.341267	-1.132523	-0.199630	-0.326237	-0.549706	-0.204163	0.741425
65095	-9.071391	1.697592	3.263324	0.643847	-0.914021	-0.087926	-0.328193	-0.547483	-0.203642	0.742348
65096	-9.151282	0.707314	3.346196	-0.058219	-0.199515	-0.045401	-0.329803	-0.545380	-0.203468	0.743230
65097	-9.190791	0.746091	3.675875	-0.218704	-0.396178	0.103684	-0.330993	-0.543636	-0.203201	0.744052
65098	-9.174575	0.470238	3.534223	-0.293532	-0.086861	0.025549	-0.332041	-0.542270	-0.203233	0.744573
65099	-9.179843	0.652887	3.491686	-0.117847	-0.166836	0.028344	-0.332916	-0.541363	-0.203027	0.744898
65100	-9.144080	0.761294	3.547938	-0.076831	-0.273722	0.020968	-0.333763	-0.540701	-0.203061	0.744991
65101	-9.216328	0.749527	3.311440	0.098441	-0.078028	0.008328	-0.333924	-0.540139	-0.202714	0.745420
65102	-8.996606	0.761933	3.638591	-0.149647	-0.351766	-0.085783	-0.334570	-0.539584	-0.202838	0.745499
65103	-9.129952	0.730799	3.354167	0.053231	-0.099459	-0.059339	-0.334980	-0.539283	-0.202861	0.745526
65104	-9.062770	0.961119	3.539342	0.079646	-0.396855	-0.044338	-0.335194	-0.539160	-0.202919	0.745503
65105	-9.170156	0.806105	3.453108	0.051543	-0.200972	0.016986	-0.335279	-0.539049	-0.203170	0.745477
65106	-9.178254	0.573176	3.379139	-0.059922	0.012413	-0.015559	-0.335351	-0.538954	-0.203290	0.745481
65107	-9.115799	0.712324	3.454316	-0.023044	-0.152339	-0.039573	-0.335494	-0.538855	-0.203349	0.745472
65108	-9.157519	0.650106	3.425564	-0.037281	-0.076311	-0.014214	-0.335603	-0.538720	-0.203389	0.745509
65109	-9.155256	0.667230	3.490011	-0.066706	-0.128571	0.006839	-0.335728	-0.538553	-0.203300	0.745598
65110	-9.136581	0.815827	3.489024	0.037889	-0.234194	-0.001485	-0.335804	-0.538407	-0.203308	0.745667
65111	-9.154984	0.766096	3.498294	0.003680	-0.199517	0.015786	-0.335801	-0.538223	-0.203450	0.745763
65112	-9.106878	0.841623	3.560316	0.010209	-0.307675	-0.003271	-0.335723	-0.538073	-0.203623	0.745859
65113	-9.098879	0.701416	3.497073	-0.041307	-0.174876	-0.041361	-0.335537	-0.537894	-0.204028	0.745961
65114	-9.099958	0.641621	3.457883	-0.052273	-0.111687	-0.057552	-0.335349	-0.537853	-0.204257	0.746012
65115	-9.161029	0.649314	3.389582	0.015328	-0.061713	-0.023342	-0.335131	-0.537816	-0.204566	0.746052
65116	-9.127066	0.698394	3.430903	0.019063	-0.138221	-0.038093	-0.334922	-0.537760	-0.204795	0.746123
65117	-9.139716	0.700886	3.463050	0.005649	-0.161672	-0.015127	-0.334717	-0.537669	-0.204978	0.746231
65118	-9.158230	0.698807	3.454762	0.019145	-0.154271	-0.000821	-0.334409	-0.537549	-0.205245	0.746382
65119	-9.138744	0.547132	3.411646	-0.057675	-0.030531	-0.042782	-0.334153	-0.537425	-0.205456	0.746528
65120	-9.116801	0.553149	3.502972	-0.116319	-0.101976	-0.031638	-0.333992	-0.537384	-0.205444	0.746633
65121	-9.090884	0.719460	3.621659	-0.080207	-0.307067	-0.005675	-0.333752	-0.537378	-0.205540	0.746718
65122	-9.138701	0.650086	3.495255	-0.031557	-0.166873	-0.008279	-0.333460	-0.537393	-0.205792	0.746769
65123	-9.138557	0.626429	3.450956	-0.014784	-0.128994	-0.025049	-0.333152	-0.537413	-0.206111	0.746803
65124	-9.149661	0.595525	3.450912	-0.030294	-0.111296	-0.016441	-0.332845	-0.537390	-0.206377	0.746883
65125	-9.161129	0.582132	3.439886	-0.027612	-0.096614	-0.010245	-0.332612	-0.537391	-0.206545	0.746940
65126	-9.113345	0.572246	3.483700	-0.071933	-0.136481	-0.040641	-0.332417	-0.537422	-0.206683	0.746966
65127	-9.130344	0.591791	3.481627	-0.050879	-0.149859	-0.024426	-0.332184	-0.537457	-0.206918	0.746980
65128	-9.133762	0.534111	3.420967	-0.049317	-0.073452	-0.045084	-0.332035	-0.537515	-0.207063	0.746964
65129	-9.159453	0.566603	3.472857	-0.053396	-0.127239	-0.001555	-0.331875	-0.537470	-0.207187	0.747033
65130	-9.164840	0.647843	3.466586	0.010407	-0.180121	0.005594	-0.331794	-0.537456	-0.207222	0.747070
65131	-9.142762	0.607445	3.393393	0.028928	-0.110781	-0.042268	-0.331680	-0.537386	-0.207267	0.747158
65132	-9.121718	0.599972	3.423275	0.001726	-0.131861	-0.052200	-0.331559	-0.537303	-0.207276	0.747269
65133	-9.131759	0.572586	3.481127	-0.051971	-0.147573	-0.024397	-0.331473	-0.537214	-0.207254	0.747377
65134	-9.153439	0.607158	3.556390	-0.068590	-0.215562	0.023512	-0.331303	-0.537051	-0.207321	0.747551
65135	-9.198182	0.523657	3.445341	-0.039534	-0.072361	0.023183	-0.331258	-0.536907	-0.207394	0.747654
65136	-9.155551	0.514080	3.380609	-0.008780	-0.031732	-0.039468	-0.331358	-0.536690	-0.207255	0.747804
65137	-9.141463	0.486635	3.419117	-0.051334	-0.036348	-0.040812	-0.331490	-0.536352	-0.207079	0.748037
65138	-9.145981	0.501586	3.427987	-0.041297	-0.041000	-0.032694	-0.331720	-0.535984	-0.206661	0.748314
65139	-9.150787	0.484000	3.442230	-0.058209	-0.022047	-0.024111	-0.332025	-0.535602	-0.205992	0.748637
65140	-9.106333	0.655075	3.613188	-0.059214	-0.250046	0.002785	-0.332402	-0.535229	-0.205376	0.748906
65141	-9.126952	0.593984	3.529569	-0.037778	-0.130284	-0.009957	-0.332808	-0.534782	-0.204890	0.749178
65142	-9.096374	0.599571	3.484040	-0.006541	-0.098722	-0.053987	-0.333227	-0.534440	-0.204425	0.749363
65143	-9.066317	0.639130	3.540424	-0.019233	-0.155974	-0.059920	-0.333609	-0.534024	-0.203837	0.749649
65144	-9.081896	0.718483	3.620913	-0.009907	-0.246151	-0.012312	-0.333896	-0.533661	-0.203423	0.749892
65145	-9.057821	0.631722	3.624413	-0.073883	-0.182607	-0.038193	-0.334137	-0.533266	-0.203083	0.750158
65146	-9.067571	0.764808	3.727793	-0.043349	-0.331026	0.015373	-0.334321	-0.533033	-0.202837	0.750308
65147	-9.083164	0.585176	3.509034	-0.017440	-0.052917	-0.057867	-0.334470	-0.532842	-0.202747	0.750402
65148	-9.098099	0.576329	3.518087	-0.023982	-0.040418	-0.041184	-0.334688	-0.532576	-0.202463	0.750570
65149	-9.122906	0.561748	3.573605	-0.063844	-0.048480	0.000935	-0.335033	-0.532259	-0.202068	0.750748
65150	-9.125947	0.563599	3.594641	-0.073942	-0.049851	0.011468	-0.335433	-0.531954	-0.201590	0.750914
65151	-9.136612	0.579864	3.616056	-0.074166	-0.058533	0.030119	-0.335920	-0.531699	-0.201132	0.750999
65152	-9.092357	0.701591	3.620285	0.001028	-0.145035	-0.002051	-0.336378	-0.531360	-0.200588	0.751179
65153	-9.083573	0.713547	3.598951	0.022456	-0.126169	-0.016951	-0.336921	-0.530985	-0.200096	0.751332
65154	-9.094278	0.624443	3.653529	-0.072286	-0.078154	0.007330	-0.337380	-0.530577	-0.199465	0.751583
65155	-9.015864	0.780719	3.798926	-0.072617	-0.287012	-0.002515	-0.337836	-0.530134	-0.198822	0.751861
65156	-9.034646	0.774550	3.719633	-0.015699	-0.210404	-0.013917	-0.338256	-0.529724	-0.198458	0.752057
65157	-9.041830	0.790383	3.708146	0.008464	-0.200954	-0.010174	-0.338647	-0.529375	-0.198218	0.752190
65158	-9.032108	0.746637	3.719043	-0.028654	-0.170682	-0.017905	-0.339000	-0.529053	-0.198040	0.752305
65159	-9.039982	0.760760	3.706347	-0.004582	-0.161537	-0.014171	-0.339273	-0.528734	-0.197859	0.752453
65160	-9.028938	0.751454	3.713420	-0.014041	-0.153982	-0.022285	-0.339544	-0.528398	-0.197639	0.752625
65161	-9.015357	0.760855	3.728896	-0.016013	-0.165453	-0.028384	-0.339771	-0.528056	-0.197383	0.752830
65162	-9.026927	0.771569	3.748086	-0.016207	-0.172396	-0.009683	-0.340000	-0.527801	-0.197093	0.752981
65163	-8.993933	0.809651	3.767252	-0.005748	-0.214608	-0.030435	-0.340171	-0.527546	-0.196921	0.753128
65164	-9.007790	0.783134	3.788560	-0.032862	-0.199817	-0.011373	-0.340334	-0.527331	-0.196832	0.753228
65165	-9.042475	0.796825	3.724023	0.031586	-0.152562	-0.002215	-0.340364	-0.527140	-0.196734	0.753373
65166	-9.023037	0.788823	3.787573	-0.018066	-0.187837	0.002991	-0.340346	-0.526966	-0.196498	0.753565
65167	-9.064655	0.636149	3.903184	-0.193126	-0.142400	0.074169	-0.340200	-0.526971	-0.196593	0.753603
65168	-9.025024	0.401937	3.936475	-0.397701	-0.019789	0.033624	-0.339170	-0.528062	-0.196269	0.753387
65169	-9.043303	0.545635	3.762097	-0.200510	-0.015827	-0.004943	-0.337893	-0.529964	-0.195323	0.752871
65170	-8.970692	0.603441	3.770067	-0.224565	-0.096430	-0.066360	-0.336073	-0.532698	-0.193398	0.752254
65171	-9.440365	0.804016	3.209645	0.341955	0.259424	0.181524	-0.334123	-0.535457	-0.190172	0.751986
65172	-9.075627	1.093100	3.523553	0.207243	-0.240705	-0.021044	-0.332904	-0.536759	-0.187048	0.752381
65173	-8.903926	1.131010	3.724790	0.032380	-0.421098	-0.104202	-0.332412	-0.537353	-0.184818	0.752726
65174	-9.037138	0.830619	3.605326	-0.083923	-0.065225	-0.048118	-0.331957	-0.538068	-0.182747	0.752921
65175	-9.071866	0.816808	3.605897	-0.103870	-0.022266	-0.016919	-0.331586	-0.538541	-0.180701	0.753241
65176	-9.016328	1.114585	3.587683	0.086771	-0.221065	-0.047878	-0.331388	-0.538855	-0.178950	0.753522
65177	-8.967675	1.180205	3.632730	0.080780	-0.288298	-0.070042	-0.331381	-0.538829	-0.177575	0.753868
65178	-9.000945	1.013605	3.596555	-0.003456	-0.116825	-0.067641	-0.331570	-0.538593	-0.176774	0.754142
65179	-8.917856	1.174466	3.699786	0.019092	-0.309131	-0.091576	-0.331762	-0.538259	-0.176315	0.754403
65180	-8.938006	1.060684	3.726152	-0.069992	-0.226001	-0.074041	-0.331946	-0.538037	-0.176068	0.754538
65181	-9.093857	0.927038	3.562378	-0.010983	0.026300	-0.002113	-0.331976	-0.537937	-0.175806	0.754658
65182	-9.023761	1.064121	3.768542	-0.078735	-0.216287	0.021413	-0.331973	-0.537947	-0.175426	0.754740
65183	-9.096055	0.968789	3.627226	-0.031655	-0.030074	0.027619	-0.332016	-0.537982	-0.174884	0.754822
65184	-8.950210	1.100386	3.715736	-0.038069	-0.216868	-0.062030	-0.332022	-0.538013	-0.174265	0.754941
65185	-8.952313	1.103596	3.696965	-0.024639	-0.198132	-0.066431	-0.332055	-0.538028	-0.173800	0.755022
65186	-8.965008	1.082468	3.681266	-0.028890	-0.163382	-0.062441	-0.332060	-0.538128	-0.173416	0.755038
65187	-9.101890	1.036957	3.656449	-0.017530	-0.067766	0.050598	-0.332004	-0.538276	-0.173108	0.755027
65188	-8.954591	1.081987	3.697603	-0.052437	-0.167574	-0.066056	-0.331942	-0.538488	-0.172572	0.755026
65189	-8.993341	1.063809	3.683085	-0.052947	-0.129653	-0.037343	-0.331875	-0.538746	-0.172232	0.754949
65190	-8.964688	1.120759	3.677054	-0.022584	-0.174294	-0.060171	-0.331792	-0.539016	-0.171912	0.754865
65191	-8.995599	1.141115	3.695626	-0.021352	-0.190346	-0.022697	-0.331727	-0.539247	-0.171807	0.754753
65192	-9.043120	1.043875	3.616638	-0.027910	-0.057395	-0.017602	-0.331694	-0.539511	-0.171670	0.754610
65193	-9.005393	1.122084	3.658195	-0.017300	-0.152662	-0.029286	-0.331673	-0.539726	-0.171653	0.754470
65194	-9.076216	1.061587	3.630481	-0.028541	-0.070706	0.019873	-0.331679	-0.539908	-0.171706	0.754324
65195	-9.078859	0.992941	3.657147	-0.094987	-0.038029	0.024785	-0.331628	-0.539985	-0.171666	0.754301
65196	-8.928284	1.189972	3.696445	-0.024595	-0.253418	-0.079797	-0.331702	-0.540153	-0.171639	0.754154
65197	-8.949555	1.140781	3.648858	-0.021988	-0.184707	-0.082554	-0.331724	-0.540275	-0.171842	0.754011
65198	-8.968117	1.178215	3.629683	0.018196	-0.199783	-0.068476	-0.331769	-0.540420	-0.172209	0.753803
65199	-9.019136	1.123584	3.563256	0.037080	-0.111335	-0.051014	-0.331734	-0.540590	-0.172694	0.753586
65200	-8.961850	1.170154	3.590930	0.038866	-0.192316	-0.089505	-0.331738	-0.540630	-0.173555	0.753358
65201	-9.037674	1.064354	3.671950	-0.071409	-0.155469	-0.001147	-0.331944	-0.540530	-0.174775	0.753057
65202	-9.148680	0.925698	3.532036	-0.037830	0.051161	0.037514	-0.332368	-0.540249	-0.176040	0.752776
65203	-9.109236	1.004786	3.585927	-0.019881	-0.062034	0.028166	-0.332933	-0.539745	-0.177241	0.752607
65204	-9.115526	0.849634	3.626229	-0.142590	0.018190	0.033304	-0.333452	-0.539356	-0.178321	0.752400
65205	-9.095866	0.936993	3.599834	-0.060542	-0.042008	0.014118	-0.333724	-0.539121	-0.178872	0.752318
65206	-9.061729	1.105952	3.626502	0.035911	-0.194780	0.008226	-0.334127	-0.538744	-0.179530	0.752252
65207	-9.070593	0.987537	3.623847	-0.031656	-0.108529	0.004153	-0.334539	-0.538244	-0.180289	0.752245
65208	-9.078962	0.938066	3.644896	-0.069139	-0.084848	0.014866	-0.334965	-0.537782	-0.180889	0.752242
65209	-9.070189	1.000654	3.608674	0.008635	-0.111597	-0.000469	-0.335440	-0.537178	-0.181567	0.752299
65210	-9.028891	0.879150	3.705831	-0.140235	-0.099601	-0.014863	-0.335940	-0.536677	-0.182274	0.752262
65211	-9.075758	0.911160	3.659671	-0.069827	-0.080199	0.014900	-0.336185	-0.536488	-0.182526	0.752227
65212	-9.048453	0.941155	3.653286	-0.046469	-0.106973	-0.009975	-0.336477	-0.536264	-0.182864	0.752173
65213	-9.008588	0.928074	3.692623	-0.086341	-0.133677	-0.033827	-0.336720	-0.536011	-0.183049	0.752200
65214	-9.053613	0.882534	3.649140	-0.080540	-0.060962	-0.012035	-0.336465	-0.536423	-0.182894	0.752058
65215	-9.043055	1.046904	3.652328	0.021586	-0.187829	-0.005721	-0.336274	-0.536755	-0.182830	0.751922
65216	-9.060500	0.932951	3.599767	-0.021079	-0.071416	-0.019025	-0.336225	-0.536875	-0.182878	0.751847
65217	-9.082265	0.919425	3.634869	-0.051501	-0.076714	0.012617	-0.336326	-0.536830	-0.182910	0.751826
65218	-9.062482	0.878696	3.615193	-0.068795	-0.041587	-0.016574	-0.336432	-0.536767	-0.182990	0.751804
65219	-9.031909	0.983692	3.652064	-0.026916	-0.149111	-0.021996	-0.336604	-0.536647	-0.183087	0.751789
65220	-9.046664	0.922739	3.640335	-0.058677	-0.090974	-0.018102	-0.336602	-0.536734	-0.182954	0.751760
65221	-9.035188	0.964714	3.642364	-0.034457	-0.125109	-0.024160	-0.336553	-0.536763	-0.182868	0.751783
65222	-9.033847	0.930167	3.613115	-0.038868	-0.082789	-0.039160	-0.336568	-0.536765	-0.182888	0.751769
65223	-9.041188	0.993973	3.648557	-0.017475	-0.148919	-0.013679	-0.336637	-0.536720	-0.182986	0.751747
65224	-9.056628	0.947634	3.624899	-0.027800	-0.095399	-0.012149	-0.336690	-0.536587	-0.183043	0.751804
65225	-9.020988	1.018517	3.654733	-0.004093	-0.175660	-0.027914	-0.336846	-0.536396	-0.183224	0.751826
65226	-9.057188	0.904875	3.634415	-0.056750	-0.069417	-0.012056	-0.337087	-0.536105	-0.183440	0.751873
65227	-9.041058	0.960870	3.651044	-0.025306	-0.122813	-0.015831	-0.337436	-0.535665	-0.183773	0.751949
65228	-9.063681	0.955853	3.608480	0.015004	-0.083468	-0.010754	-0.337832	-0.535098	-0.184179	0.752076
65229	-9.006436	0.882106	3.728547	-0.121634	-0.123269	-0.026673	-0.337984	-0.534784	-0.184457	0.752162
65230	-9.034750	0.893669	3.648609	-0.048306	-0.073239	-0.028517	-0.337965	-0.534701	-0.184575	0.752201
65231	-9.035130	0.959276	3.672773	-0.016057	-0.136288	-0.013493	-0.337991	-0.534569	-0.184748	0.752240
65232	-9.047008	0.913121	3.670400	-0.039376	-0.098084	-0.007444	-0.338097	-0.534294	-0.184918	0.752347
65233	-9.047447	0.941067	3.649806	0.001076	-0.105683	-0.012084	-0.338368	-0.533905	-0.185343	0.752396
65234	-9.062810	0.923322	3.660303	-0.004737	-0.094618	0.004435	-0.338742	-0.533310	-0.185847	0.752526
65235	-9.020422	0.905443	3.706574	-0.044027	-0.122678	-0.019346	-0.339273	-0.532550	-0.186439	0.752678
65236	-9.028804	0.855295	3.713325	-0.066092	-0.085713	-0.013305	-0.339873	-0.531729	-0.187032	0.752841
65237	-9.012002	0.873907	3.687425	-0.025513	-0.083325	-0.036728	-0.340412	-0.531043	-0.187429	0.752983
65238	-9.014479	0.899455	3.756855	-0.044723	-0.140736	-0.006465	-0.340885	-0.530570	-0.187792	0.753012
65239	-9.018421	0.873752	3.734258	-0.038549	-0.104326	-0.013317	-0.341300	-0.530152	-0.188118	0.753037
65240	-9.013083	0.855422	3.770236	-0.071864	-0.114198	-0.006369	-0.341609	-0.529933	-0.188345	0.752994
65241	-9.030847	0.790544	3.738368	-0.089482	-0.041906	-0.007241	-0.341950	-0.529776	-0.188592	0.752889
65242	-9.023894	0.863151	3.751358	-0.047844	-0.103252	-0.002721	-0.342275	-0.529683	-0.188775	0.752761
65243	-8.998875	0.862071	3.694185	-0.015185	-0.073981	-0.047227	-0.342620	-0.529619	-0.189009	0.752589
65244	-9.013568	0.784543	3.797709	-0.139750	-0.079469	-0.001639	-0.343094	-0.529646	-0.189168	0.752315
65245	-9.041370	0.839895	3.710765	-0.039450	-0.052394	-0.003647	-0.343464	-0.529692	-0.189207	0.752104
65246	-9.046873	0.874361	3.717516	-0.021728	-0.076769	0.006884	-0.343875	-0.529676	-0.189265	0.751913
65247	-9.028606	0.871214	3.725484	-0.035212	-0.082894	-0.007288	-0.344237	-0.529600	-0.189309	0.751789
65248	-9.030385	0.923634	3.743377	-0.009539	-0.127772	0.005531	-0.344506	-0.529478	-0.189358	0.751739
65249	-9.048062	0.862301	3.764218	-0.063925	-0.088427	0.024407	-0.344797	-0.529382	-0.189336	0.751679
65250	-9.046804	0.846677	3.777151	-0.083698	-0.082950	0.026749	-0.345069	-0.529274	-0.189384	0.751618
65251	-9.046773	0.847613	3.777015	-0.084201	-0.080990	0.026761	-0.345183	-0.529300	-0.189300	0.751568
65252	-8.990353	0.918944	3.779950	-0.050171	-0.149775	-0.018098	-0.345173	-0.529473	-0.189152	0.751489
65253	-8.971784	0.865749	3.766068	-0.086640	-0.111191	-0.045096	-0.344943	-0.529802	-0.188973	0.751407
65254	-9.007973	0.833210	3.725693	-0.084901	-0.051682	-0.029604	-0.344738	-0.530312	-0.188557	0.751247
65255	-9.089946	0.860658	3.696395	-0.040836	-0.025934	0.037634	-0.344491	-0.530907	-0.188086	0.751057
65256	-9.019284	0.777198	3.765427	-0.175922	-0.035249	-0.009741	-0.343980	-0.531756	-0.187474	0.750844
65257	-9.049033	0.877508	3.661343	-0.048277	-0.032350	-0.011818	-0.343236	-0.532869	-0.186441	0.750652
65258	-9.064006	0.840325	3.722775	-0.142064	-0.039687	0.020906	-0.342023	-0.534553	-0.184714	0.750436
65259	-9.102765	1.117733	3.525312	0.164700	-0.092466	0.010843	-0.341157	-0.535715	-0.182764	0.750479
65260	-9.049094	1.190177	3.566398	0.156160	-0.176058	-0.016443	-0.340580	-0.536265	-0.181356	0.750690
65261	-9.019314	1.205000	3.582041	0.140140	-0.193806	-0.036499	-0.339991	-0.536497	-0.180102	0.751093
65262	-8.999795	1.124530	3.687818	0.002911	-0.196735	-0.023808	-0.339418	-0.536574	-0.178966	0.751568
65263	-9.047105	0.998642	3.599828	-0.017185	-0.024846	-0.024673	-0.338673	-0.536798	-0.177604	0.752067
65264	-9.100724	0.960691	3.712387	-0.115802	-0.037917	0.062183	-0.338018	-0.537050	-0.176398	0.752466
65265	-8.992048	0.998855	3.610143	-0.044258	-0.026173	-0.071788	-0.337483	-0.537161	-0.175240	0.752897
65266	-8.909133	1.280836	3.661529	0.094912	-0.276711	-0.100097	-0.337174	-0.537136	-0.174446	0.753238
65267	-8.886961	1.229209	3.712128	0.020511	-0.269389	-0.107229	-0.337060	-0.536970	-0.174069	0.753495
65268	-8.984912	1.148571	3.668380	0.019689	-0.149530	-0.041191	-0.336999	-0.536787	-0.174073	0.753651
65269	-8.949668	1.081407	3.705390	-0.055372	-0.134698	-0.067191	-0.337030	-0.536615	-0.174202	0.753730
65270	-8.990326	1.119574	3.698208	-0.011123	-0.145220	-0.028264	-0.337184	-0.536371	-0.174525	0.753760
65271	-9.022572	1.056959	3.628984	0.006933	-0.048154	-0.030503	-0.337393	-0.536079	-0.174845	0.753801
65272	-9.019531	1.139500	3.715488	0.009964	-0.162863	0.007120	-0.337730	-0.535682	-0.175421	0.753798
65273	-9.028331	1.035994	3.649181	-0.002710	-0.047414	-0.019919	-0.338150	-0.535130	-0.176119	0.753839
65274	-8.982776	1.138834	3.718915	0.023095	-0.181459	-0.025754	-0.338681	-0.534465	-0.177014	0.753863
65275	-9.034570	1.054821	3.692307	0.011503	-0.091072	0.003665	-0.339285	-0.533566	-0.178121	0.753967
65276	-9.013546	1.028900	3.660002	0.033670	-0.062857	-0.030401	-0.339838	-0.532490	-0.179264	0.754207
65277	-8.986393	1.040386	3.752578	-0.000675	-0.140282	-0.019845	-0.340400	-0.531207	-0.180477	0.754569
65278	-9.003543	1.021056	3.740777	0.026629	-0.116507	-0.010371	-0.340999	-0.529937	-0.181829	0.754867
65279	-9.010796	0.869942	3.688087	-0.013447	0.021282	-0.037590	-0.341508	-0.528766	-0.183071	0.755158
65280	-8.974204	0.921687	3.817477	-0.047074	-0.110041	-0.017556	-0.341844	-0.527640	-0.183928	0.755585
65281	-8.944504	0.902766	3.880942	-0.086759	-0.146345	-0.022290	-0.342190	-0.526716	-0.184686	0.755889
65282	-8.954081	0.930644	3.900767	-0.058500	-0.176986	-0.003362	-0.342528	-0.525900	-0.185519	0.756100
65283	-8.942579	0.869863	3.880230	-0.073124	-0.127923	-0.026941	-0.342736	-0.525299	-0.186236	0.756247
65284	-8.885047	0.927030	3.941574	-0.074739	-0.230251	-0.051497	-0.342798	-0.524936	-0.186787	0.756335
65285	-8.933701	0.885824	3.922879	-0.070832	-0.179125	-0.017404	-0.342700	-0.524684	-0.187278	0.756433
65286	-8.936372	0.892966	3.857166	-0.014430	-0.148107	-0.039678	-0.342601	-0.524570	-0.187714	0.756449
65287	-8.950915	0.858267	3.891087	-0.054477	-0.147198	-0.016187	-0.342482	-0.524539	-0.188113	0.756425
65288	-8.973650	0.889075	3.855242	-0.000344	-0.146606	-0.006657	-0.342288	-0.524561	-0.188520	0.756396
65289	-8.943852	0.814339	3.862400	-0.061208	-0.116551	-0.037390	-0.342091	-0.524575	-0.188919	0.756376
65290	-9.040643	0.712498	3.788392	-0.059550	0.025952	0.015261	-0.341939	-0.524605	-0.189279	0.756334
65291	-9.007332	0.763362	3.772441	-0.018335	-0.017977	-0.017516	-0.341822	-0.524636	-0.189596	0.756286
65292	-8.987223	0.806067	3.834245	-0.033555	-0.098959	-0.009094	-0.341726	-0.524693	-0.189835	0.756230
65293	-9.035082	0.737214	3.781602	-0.035012	-0.006934	0.009503	-0.341649	-0.524714	-0.190104	0.756182
65294	-9.037683	0.749244	3.766864	-0.015345	-0.009144	0.007192	-0.341605	-0.524726	-0.190270	0.756152
65295	-8.989982	0.759043	3.797042	-0.037857	-0.054060	-0.024476	-0.341520	-0.524748	-0.190427	0.756136
65296	-9.015150	0.792656	3.794669	-0.006510	-0.071028	0.000348	-0.341468	-0.524779	-0.190573	0.756101
65297	-9.022524	0.716035	3.779167	-0.047776	-0.008213	-0.004609	-0.341401	-0.524787	-0.190718	0.756089
65298	-9.022287	0.748952	3.773520	-0.020246	-0.029930	-0.004490	-0.341368	-0.524793	-0.190793	0.756081
65299	-8.987585	0.803793	3.813306	-0.014887	-0.106182	-0.017149	-0.341305	-0.524769	-0.190843	0.756113
65300	-8.963324	0.851790	3.844670	-0.006297	-0.170329	-0.023962	-0.341215	-0.524787	-0.190997	0.756103
65301	-8.965805	0.865179	3.830175	0.013892	-0.173490	-0.026261	-0.341069	-0.524849	-0.191153	0.756086
65302	-8.976803	0.837334	3.830688	-0.002857	-0.155332	-0.018090	-0.340868	-0.524922	-0.191348	0.756076
65303	-8.965351	0.840840	3.802411	0.017590	-0.149379	-0.039242	-0.340598	-0.524989	-0.191562	0.756098
65304	-9.007512	0.791657	3.777466	0.010110	-0.091802	-0.013570	-0.340329	-0.525071	-0.191780	0.756107
65305	-8.991878	0.779118	3.780908	-0.003226	-0.097284	-0.027664	-0.340030	-0.525182	-0.192042	0.756098
65306	-8.980928	0.780711	3.804628	-0.019393	-0.124323	-0.028724	-0.339728	-0.525280	-0.192272	0.756107
65307	-9.021029	0.801470	3.771737	0.027859	-0.113326	-0.002810	-0.339388	-0.525375	-0.192567	0.756118
65308	-9.027971	0.702851	3.766372	-0.033795	-0.046999	-0.005524	-0.339057	-0.525422	-0.192914	0.756146
65309	-9.049418	0.664976	3.758061	-0.047437	-0.015707	0.008447	-0.338777	-0.525464	-0.193159	0.756179
65310	-9.045248	0.628017	3.693451	-0.029536	0.044532	-0.022404	-0.338589	-0.525521	-0.193330	0.756180
65311	-9.054995	0.687206	3.728174	-0.007080	-0.020565	0.003829	-0.338442	-0.525506	-0.193472	0.756220
65312	-9.023215	0.721694	3.759870	-0.009305	-0.077771	-0.011170	-0.338301	-0.525486	-0.193546	0.756278
65313	-9.003515	0.730366	3.775711	-0.015303	-0.102918	-0.022801	-0.338144	-0.525405	-0.193707	0.756364
65314	-9.004306	0.725015	3.774855	-0.015642	-0.101765	-0.022789	-0.337987	-0.525391	-0.193875	0.756401
65315	-9.040001	0.662451	3.732034	-0.020523	-0.022842	-0.010260	-0.337836	-0.525378	-0.194016	0.756441
65316	-9.025387	0.686026	3.767377	-0.029247	-0.069500	-0.008827	-0.337738	-0.525380	-0.194116	0.756458
65317	-9.022065	0.720816	3.782477	-0.014000	-0.106796	-0.003877	-0.337662	-0.525356	-0.194207	0.756484
65318	-9.014927	0.705687	3.780761	-0.024268	-0.098945	-0.012142	-0.337589	-0.525359	-0.194291	0.756493
65319	-9.010807	0.723620	3.807025	-0.029961	-0.132354	-0.004870	-0.337528	-0.525421	-0.194420	0.756445
65320	-8.998697	0.730006	3.779563	-0.010402	-0.126674	-0.026043	-0.337471	-0.525510	-0.194569	0.756370
65321	-9.028380	0.673958	3.775247	-0.041424	-0.078142	-0.003991	-0.337409	-0.525613	-0.194661	0.756302
65322	-9.026839	0.673971	3.791852	-0.054317	-0.092462	0.000808	-0.337384	-0.525714	-0.194781	0.756212
65323	-9.030710	0.706397	3.764524	-0.013365	-0.098670	-0.003791	-0.337394	-0.525773	-0.194825	0.756155
65324	-9.048010	0.730020	3.762022	0.007587	-0.109648	0.012797	-0.337415	-0.525821	-0.194884	0.756097
65325	-9.028871	0.654777	3.742951	-0.037329	-0.051239	-0.017030	-0.337426	-0.525840	-0.194922	0.756069
65326	-9.024261	0.675485	3.770069	-0.042835	-0.084891	-0.009732	-0.337539	-0.525844	-0.194956	0.756008
65327	-9.029074	0.691097	3.736614	-0.009489	-0.071952	-0.016831	-0.337667	-0.525857	-0.194919	0.755951
65328	-9.005475	0.708478	3.719780	0.007068	-0.079235	-0.043810	-0.337829	-0.525876	-0.194882	0.755875
65329	-9.024228	0.715224	3.763666	-0.014667	-0.104082	-0.009506	-0.337982	-0.525854	-0.194845	0.755831
65330	-9.031193	0.712550	3.775185	-0.024413	-0.104781	0.001110	-0.338178	-0.525855	-0.194771	0.755762
65331	-9.018387	0.688473	3.754052	-0.031843	-0.075557	-0.020268	-0.338396	-0.525850	-0.194715	0.755683
65332	-9.018689	0.743348	3.737854	0.016166	-0.101880	-0.022375	-0.338623	-0.525831	-0.194724	0.755592
65333	-9.021425	0.691116	3.733291	-0.018524	-0.058551	-0.025071	-0.338866	-0.525787	-0.194682	0.755524
65334	-9.018919	0.712579	3.742197	-0.011409	-0.076456	-0.022553	-0.339156	-0.525741	-0.194623	0.755441
65335	-8.998963	0.780773	3.796170	-0.006120	-0.161473	-0.015967	-0.339446	-0.525740	-0.194554	0.755329
65336	-9.022311	0.768210	3.759015	0.013115	-0.118796	-0.009211	-0.339716	-0.525719	-0.194574	0.755218
65337	-9.045571	0.702027	3.737515	-0.015270	-0.049102	-0.000370	-0.339944	-0.525669	-0.194602	0.755143
65338	-9.033032	0.728840	3.754661	-0.010946	-0.080449	-0.003622	-0.340206	-0.525580	-0.194607	0.755085
65339	-9.042033	0.758835	3.796654	-0.016139	-0.122248	0.022636	-0.340480	-0.525480	-0.194612	0.755030
65340	-9.043037	0.741899	3.736864	0.012339	-0.068305	-0.000131	-0.340740	-0.525360	-0.194596	0.755000
65341	-9.040079	0.761360	3.747157	0.019272	-0.086224	0.002407	-0.340977	-0.525217	-0.194612	0.754989
65342	-8.966231	0.826187	3.815376	0.004372	-0.195246	-0.035426	-0.341154	-0.525108	-0.194585	0.754992
65343	-9.017586	0.756998	3.778455	-0.006858	-0.105409	-0.006797	-0.341293	-0.524987	-0.194689	0.754986
65344	-9.022984	0.735072	3.749857	-0.000952	-0.069341	-0.014157	-0.341375	-0.524930	-0.194729	0.754978
65345	-8.998136	0.732563	3.745763	-0.004850	-0.072674	-0.038817	-0.341441	-0.524878	-0.194812	0.754963
65346	-9.013318	0.738677	3.757596	-0.004543	-0.079688	-0.019899	-0.341503	-0.524852	-0.194846	0.754944
65347	-9.030881	0.778758	3.745172	0.036229	-0.094439	-0.005580	-0.341537	-0.524845	-0.194896	0.754921
65348	-9.005262	0.759294	3.752211	0.012372	-0.093728	-0.027933	-0.341542	-0.524839	-0.194932	0.754913
65349	-9.018621	0.731532	3.786955	-0.027407	-0.093516	-0.004415	-0.341532	-0.524851	-0.195010	0.754889
65350	-9.023818	0.744587	3.753011	0.005606	-0.080783	-0.011553	-0.341515	-0.524875	-0.195092	0.754860
65351	-9.009803	0.735006	3.739031	0.005202	-0.070992	-0.030455	-0.341476	-0.524901	-0.195149	0.754844
65352	-9.016507	0.711597	3.761165	-0.024545	-0.068018	-0.017541	-0.341460	-0.524909	-0.195222	0.754827
65353	-9.025479	0.722215	3.759329	-0.014301	-0.072548	-0.009221	-0.341455	-0.524953	-0.195252	0.754791
65354	-9.031706	0.700050	3.728577	-0.008729	-0.036632	-0.016634	-0.341449	-0.524988	-0.195310	0.754754
65355	-9.023088	0.757128	3.772445	0.000200	-0.108234	-0.004069	-0.341450	-0.525012	-0.195331	0.754732
65356	-9.019004	0.689400	3.765413	-0.045124	-0.058783	-0.015210	-0.341478	-0.525079	-0.195398	0.754655
65357	-9.014977	0.761983	3.776325	-0.003304	-0.118957	-0.009785	-0.341516	-0.525144	-0.195438	0.754583
65358	-9.015105	0.744392	3.785428	-0.023066	-0.113854	-0.007475	-0.341474	-0.525239	-0.195482	0.754524
65359	-9.006049	0.716433	3.863996	-0.102110	-0.151502	0.011735	-0.341001	-0.525726	-0.195310	0.754443
65360	-8.508182	0.498917	4.465825	-0.801666	-0.560682	-0.240632	-0.337955	-0.529244	-0.194181	0.753646
65361	-9.506733	0.422237	3.287518	0.079157	0.509105	0.242042	-0.334439	-0.534631	-0.192179	0.751923
65362	-9.184523	0.647731	3.531943	-0.090626	0.062720	0.048185	-0.331426	-0.539201	-0.188888	0.750826
65363	-9.394038	0.891893	3.233890	0.252368	0.130963	0.158286	-0.329593	-0.542081	-0.185772	0.750337
65364	-9.250770	0.867689	3.412476	0.028928	0.004876	0.085473	-0.328668	-0.543959	-0.183137	0.750031
65365	-9.113379	0.993279	3.313900	0.118404	-0.047150	-0.065593	-0.328214	-0.545147	-0.180666	0.749966
65366	-9.096851	1.092751	3.336435	0.137205	-0.116233	-0.063524	-0.328019	-0.546047	-0.178641	0.749882
65367	-9.050341	1.088067	3.436640	0.030968	-0.167595	-0.072362	-0.327957	-0.546614	-0.176946	0.749898
65368	-9.033365	1.140908	3.471573	0.022091	-0.213936	-0.070569	-0.327990	-0.546963	-0.175654	0.749933
65369	-9.072699	1.112191	3.431425	0.027086	-0.140475	-0.050258	-0.328119	-0.547196	-0.174649	0.749941
65370	-9.105255	1.121085	3.428215	0.033472	-0.121018	-0.019864	-0.328302	-0.547233	-0.173847	0.750020
65371	-9.007524	1.157127	3.426964	0.036282	-0.163626	-0.107513	-0.328530	-0.547135	-0.173245	0.750132
65372	-9.003359	1.115396	3.470255	-0.024548	-0.150693	-0.100637	-0.328791	-0.546999	-0.172984	0.750177
65373	-9.100417	1.017687	3.416743	-0.034298	-0.010276	-0.038940	-0.329016	-0.546955	-0.172801	0.750152
65374	-9.049478	1.123607	3.426735	0.017994	-0.105021	-0.071707	-0.329207	-0.546971	-0.172632	0.750096
65375	-9.017928	1.182169	3.445103	0.035699	-0.165422	-0.088458	-0.329414	-0.546991	-0.172610	0.749995
65376	-9.092568	1.034348	3.475280	-0.074045	-0.051597	-0.024220	-0.329611	-0.547114	-0.172666	0.749806
65377	-9.221671	1.019674	3.407551	-0.014472	0.041892	0.071056	-0.329860	-0.547134	-0.172593	0.749699
65378	-9.080828	1.171026	3.503552	-0.010494	-0.167293	-0.010671	-0.330074	-0.547122	-0.172460	0.749644
65379	-9.082223	1.115872	3.449260	-0.009787	-0.090560	-0.034086	-0.330246	-0.547105	-0.172451	0.749583
65380	-9.013167	1.180583	3.493148	-0.011242	-0.184814	-0.076222	-0.330433	-0.547073	-0.172555	0.749500
65381	-9.048621	1.135494	3.439458	0.003267	-0.109098	-0.066670	-0.330649	-0.547041	-0.172855	0.749359
65382	-9.030562	1.161057	3.440830	0.017135	-0.137634	-0.080310	-0.330840	-0.546983	-0.173284	0.749218
65383	-9.067574	1.148575	3.432983	0.023752	-0.117978	-0.049952	-0.331068	-0.546877	-0.173958	0.749038
65384	-9.070310	1.175420	3.478035	0.015046	-0.172341	-0.029082	-0.331415	-0.546634	-0.174890	0.748845
65385	-9.134468	1.116587	3.407963	0.046281	-0.076851	0.000131	-0.331863	-0.546194	-0.176099	0.748684
65386	-9.177350	0.974566	3.485211	-0.085704	-0.017792	0.052024	-0.332310	-0.545749	-0.177251	0.748539
