// General information: 
//  MT Manager version: 2021.0.0 
//  XDA version: 2021.0.0 build 5908 rev 109668 built on 2021-04-19
// Device information: 
//  DeviceId: 00B43DF7
//  ProductCode: MTW2-3A7G6
//  Firmware Version: 4.3.5
//  Hardware Version: 1.1.0
// Device settings: 
//  Filter Profile: human(46.1)
//  Option Flags: Orientation Smoother Disabled, Position/Velocity Smoother Disabled, Continuous Zero Rotation Update Disabled, AHS Disabled, ICC Disabled
// Coordinate system: ENU
PacketCounter	Acc_X	Acc_Y	Acc_Z	FreeAcc_E	FreeAcc_N	FreeAcc_U	Quat_q0	Quat_q1	Quat_q2	Quat_q3
07551	-0.040041	0.060893	10.100756	0.041131	-0.013627	0.288239	0.999843	0.000798	0.002355	-0.017537
07552	-0.027059	0.080962	10.099479	0.053740	0.008325	0.287006	0.999839	0.000678	0.002304	-0.017803
07553	-0.025728	0.068456	10.107890	0.054754	-0.004317	0.295318	0.999839	0.000677	0.002292	-0.017798
07554	-0.021171	0.082405	10.075690	0.059316	0.009711	0.263182	0.999839	0.000676	0.002280	-0.017793
07555	-0.042392	0.045854	10.109161	0.036893	-0.026135	0.296565	0.999839	0.000662	0.002276	-0.017795
07556	-0.032652	0.036336	10.093771	0.046027	-0.035780	0.281034	0.999839	0.000666	0.002267	-0.017790
07557	-0.030102	0.065008	10.107900	0.049504	-0.007492	0.295343	0.999839	0.000680	0.002256	-0.017794
07558	-0.019886	0.076238	10.095378	0.059891	0.003341	0.282820	0.999839	0.000678	0.002255	-0.017784
07559	-0.038362	0.066358	10.088229	0.041054	-0.005830	0.275748	0.999839	0.000680	0.002256	-0.017797
07560	-0.030813	0.071367	10.119175	0.049148	-0.001259	0.306666	0.999839	0.000672	0.002270	-0.017793
07561	-0.026934	0.064771	10.084117	0.052468	-0.007656	0.271535	0.999839	0.000672	0.002250	-0.017774
07562	-0.039292	0.052113	10.096633	0.039415	-0.020023	0.284060	0.999839	0.000681	0.002237	-0.017770
07563	-0.011917	0.072445	10.091284	0.067409	-0.000824	0.278638	0.999839	0.000689	0.002245	-0.017772
07564	-0.041368	0.071308	10.099504	0.038073	-0.001147	0.287081	0.999839	0.000698	0.002244	-0.017772
07565	-0.028610	0.070919	10.095396	0.050768	-0.002175	0.282870	0.999840	0.000710	0.002247	-0.017748
07566	-0.041475	0.058196	10.107902	0.037752	-0.014609	0.295386	0.999839	0.000705	0.002261	-0.017766
07567	-0.037507	0.051543	10.072844	0.041132	-0.020988	0.260253	0.999839	0.000696	0.002238	-0.017780
07568	-0.015526	0.056822	10.099700	0.063226	-0.016649	0.286973	0.999840	0.000702	0.002236	-0.017758
07569	-0.041733	0.064378	10.119182	0.037385	-0.008365	0.306713	0.999839	0.000702	0.002232	-0.017779
07570	-0.034638	0.066624	10.095406	0.044258	-0.006107	0.282899	0.999839	0.000694	0.002225	-0.017768
07571	-0.032789	0.074485	10.106691	0.046474	0.001714	0.294224	0.999839	0.000690	0.002231	-0.017773
07572	-0.039926	0.076625	10.087012	0.039335	0.004194	0.274618	0.999840	0.000700	0.002232	-0.017762
07573	-0.018685	0.061372	10.110997	0.060160	-0.011951	0.298327	0.999840	0.000686	0.002227	-0.017762
07574	-0.025850	0.063528	10.091318	0.053022	-0.009475	0.278720	0.999840	0.000708	0.002242	-0.017744
07575	-0.041314	0.062843	10.095406	0.037674	-0.010038	0.282923	0.999840	0.000725	0.002237	-0.017728
07576	-0.028930	0.041797	10.088424	0.049140	-0.031495	0.275696	0.999840	0.000713	0.002231	-0.017751
07577	-0.026458	0.070190	10.102610	0.052575	-0.003195	0.290064	0.999840	0.000715	0.002222	-0.017749
07578	-0.033459	0.072458	10.082928	0.045464	-0.000711	0.270454	0.999840	0.000729	0.002226	-0.017750
07579	-0.014865	0.069131	10.098530	0.063987	-0.004996	0.285886	0.999840	0.000732	0.002218	-0.017746
07580	-0.021848	0.071284	10.078850	0.056885	-0.002513	0.266277	0.999840	0.000735	0.002220	-0.017748
07581	-0.031403	0.067393	10.102615	0.047343	-0.006351	0.290088	0.999840	0.000743	0.002215	-0.017755
07582	-0.041504	0.060758	10.071637	0.036726	-0.012451	0.259144	0.999840	0.000742	0.002215	-0.017746
07583	-0.016641	0.074850	10.109838	0.062272	0.000464	0.297249	0.999840	0.000744	0.002206	-0.017744
07584	-0.021105	0.065174	10.098545	0.057482	-0.008923	0.285923	0.999840	0.000736	0.002222	-0.017742
07585	-0.019177	0.073036	10.109846	0.059687	-0.001118	0.297265	0.999840	0.000735	0.002199	-0.017733
07586	-0.048815	0.051180	10.115080	0.029079	-0.021932	0.302574	0.999840	0.000734	0.002197	-0.017732
07587	-0.027070	0.074273	10.090167	0.051311	0.000538	0.277659	0.999840	0.000737	0.002186	-0.017736
07588	-0.014620	0.053183	10.083189	0.062845	-0.020938	0.270435	0.999840	0.000735	0.002185	-0.017736
07589	-0.032264	0.084342	10.081786	0.046462	0.010823	0.269391	0.999840	0.000739	0.002203	-0.017723
07590	-0.039240	0.068607	10.113925	0.039209	-0.004903	0.301470	0.999840	0.000736	0.002186	-0.017739
07591	-0.029394	0.059343	10.098561	0.048426	-0.014504	0.285964	0.999840	0.000750	0.002189	-0.017737
07592	-0.013538	0.067593	10.105807	0.064674	-0.006957	0.293145	0.999840	0.000743	0.002191	-0.017738
07593	-0.043074	0.066147	10.113926	0.035275	-0.007286	0.301483	0.999840	0.000740	0.002200	-0.017734
07594	-0.022012	0.068817	10.086124	0.056250	-0.005202	0.273537	0.999840	0.000747	0.002196	-0.017733
07595	-0.032122	0.044408	10.106944	0.045423	-0.029530	0.294260	0.999840	0.000751	0.002198	-0.017731
07596	-0.024669	0.067378	10.086127	0.053595	-0.006822	0.273551	0.999840	0.000761	0.002204	-0.017730
07597	-0.025980	0.066676	10.086129	0.052300	-0.007608	0.273557	0.999840	0.000766	0.002200	-0.017717
07598	-0.032388	0.071542	10.121183	0.046211	-0.002892	0.308694	0.999840	0.000772	0.002192	-0.017736
07599	-0.011288	0.074134	10.093398	0.067191	-0.000796	0.280766	0.999840	0.000762	0.002204	-0.017733
07600	-0.038102	0.061047	10.109872	0.040051	-0.013018	0.297353	0.999840	0.000768	0.002189	-0.017715
07601	-0.025215	0.060565	10.105829	0.052765	-0.014004	0.293207	0.999841	0.000771	0.002194	-0.017707
07602	-0.026505	0.059821	10.105830	0.051446	-0.014799	0.293213	0.999841	0.000776	0.002189	-0.017693
07603	-0.047456	0.061708	10.090177	0.030327	-0.012051	0.277737	0.999841	0.000772	0.002181	-0.017702
07604	-0.014322	0.078897	10.104736	0.064087	0.003866	0.292163	0.999840	0.000773	0.002180	-0.017713
07605	-0.024359	0.072166	10.073727	0.053538	-0.002188	0.261185	0.999840	0.000763	0.002177	-0.017724
07606	-0.017285	0.056633	10.101801	0.060203	-0.018172	0.289092	0.999840	0.000773	0.002174	-0.017720
07607	-0.027378	0.050125	10.070785	0.049688	-0.024211	0.258108	0.999840	0.000777	0.002180	-0.017713
07608	-0.037132	0.046261	10.094512	0.040066	-0.028113	0.281881	0.999840	0.000792	0.002183	-0.017710
07609	-0.023447	0.086775	10.096380	0.055263	0.011786	0.283935	0.999840	0.000787	0.002187	-0.017725
07610	0.002805	0.065917	10.085380	0.080838	-0.009871	0.272579	0.999840	0.000788	0.002199	-0.017732
07611	-0.012644	0.064821	10.089410	0.065460	-0.010428	0.276721	0.999840	0.000785	0.002195	-0.017731
07612	-0.034017	0.046207	10.070784	0.043127	-0.028100	0.258128	0.999840	0.000786	0.002182	-0.017739
07613	-0.042589	0.083254	10.100416	0.035912	0.008928	0.288094	0.999840	0.000793	0.002176	-0.017748
07614	-0.015470	0.082870	10.092379	0.062680	0.007731	0.279846	0.999840	0.000777	0.002157	-0.017754
07615	-0.030578	0.081678	10.096404	0.047275	0.007173	0.283980	0.999840	0.000780	0.002147	-0.017750
07616	-0.040584	0.057193	10.117162	0.036380	-0.017174	0.304638	0.999840	0.000784	0.002138	-0.017745
07617	-0.027770	0.056617	10.113147	0.049083	-0.018128	0.300521	0.999840	0.000779	0.002143	-0.017751
07618	-0.020286	0.079520	10.092397	0.057277	0.004678	0.279880	0.999840	0.000781	0.002145	-0.017743
07619	-0.021466	0.078819	10.092400	0.055963	0.003915	0.279888	0.999840	0.000789	0.002129	-0.017748
07620	-0.025524	0.069308	10.081069	0.051188	-0.005433	0.268521	0.999840	0.000787	0.002116	-0.017742
07621	-0.037568	0.076871	10.096418	0.039274	0.002570	0.284016	0.999840	0.000777	0.002103	-0.017751
07622	-0.019538	0.052923	10.109143	0.056505	-0.022209	0.296431	0.999840	0.000797	0.002112	-0.017752
07623	-0.020295	0.072847	10.112116	0.056347	-0.002529	0.299554	0.999840	0.000802	0.002094	-0.017733
07624	-0.027544	0.054584	10.089441	0.048099	-0.020428	0.276804	0.999840	0.000804	0.002092	-0.017742
07625	-0.042389	0.073861	10.096421	0.033930	-0.000565	0.284036	0.999840	0.000790	0.002087	-0.017742
07626	-0.029924	0.052690	10.089444	0.045455	-0.021999	0.276813	0.999840	0.000793	0.002078	-0.017738
07627	-0.030282	0.093086	10.095402	0.046569	0.018105	0.283066	0.999840	0.000813	0.002086	-0.017738
07628	-0.018460	0.051696	10.085446	0.056860	-0.023761	0.272720	0.999840	0.000810	0.002082	-0.017738
07629	-0.010702	0.074514	10.064730	0.065110	-0.000902	0.252114	0.999840	0.000798	0.002071	-0.017740
07630	-0.034562	0.070071	10.092429	0.041302	-0.004591	0.279958	0.999840	0.000796	0.002081	-0.017724
07631	-0.021670	0.069527	10.088438	0.054027	-0.005584	0.275868	0.999840	0.000800	0.002059	-0.017724
07632	-0.028733	0.053740	10.120498	0.046522	-0.021391	0.307865	0.999840	0.000801	0.002069	-0.017729
07633	-0.038266	0.067594	10.092432	0.037300	-0.006939	0.279972	0.999840	0.000793	0.002060	-0.017726
07634	-0.025409	0.067016	10.088447	0.050001	-0.007930	0.275887	0.999840	0.000800	0.002061	-0.017736
07635	-0.012640	0.066503	10.084464	0.062692	-0.008903	0.271805	0.999840	0.000798	0.002058	-0.017724
07636	-0.031121	0.056614	10.077098	0.043856	-0.018025	0.264506	0.999840	0.000794	0.002063	-0.017726
07637	-0.043408	0.064252	10.092433	0.031900	-0.010038	0.279988	0.999840	0.000795	0.002051	-0.017734
07638	-0.038999	0.060553	10.112143	0.036216	-0.014175	0.299637	0.999841	0.000807	0.002054	-0.017712
07639	-0.031748	0.063257	10.088453	0.043294	-0.011809	0.275914	0.999841	0.000821	0.002043	-0.017715
07640	-0.029970	0.071197	10.099810	0.045398	-0.004054	0.287315	0.999840	0.000810	0.002050	-0.017731
07641	-0.003102	0.070758	10.091866	0.072148	-0.005224	0.279168	0.999840	0.000806	0.002043	-0.017728
07642	-0.049194	0.080949	10.095433	0.026424	0.006500	0.283153	0.999840	0.000815	0.002041	-0.017727
07643	-0.020096	0.048354	10.092840	0.054246	-0.027046	0.280106	0.999840	0.000802	0.002036	-0.017726
07644	-0.035004	0.067749	10.099818	0.040044	-0.007165	0.287336	0.999840	0.000815	0.002037	-0.017726
07645	-0.016208	0.082296	10.063820	0.059008	0.006934	0.251307	0.999841	0.000806	0.002028	-0.017725
07646	-0.034501	0.074900	10.111182	0.040795	-0.000156	0.298749	0.999841	0.000814	0.002037	-0.017718
07647	-0.027379	0.077514	10.087505	0.047873	0.002243	0.275039	0.999841	0.000820	0.002033	-0.017695
07648	-0.026065	0.065003	10.095857	0.048781	-0.010419	0.283290	0.999841	0.000820	0.002032	-0.017708
07649	-0.027238	0.064333	10.095858	0.047445	-0.011184	0.283295	0.999841	0.000833	0.002021	-0.017713
07650	-0.013785	0.084445	10.094919	0.061394	0.008276	0.282404	0.999841	0.000836	0.002012	-0.017709
07651	-0.029067	0.083476	10.098880	0.046008	0.007714	0.286471	0.999841	0.000844	0.002009	-0.017709
07652	-0.050436	0.064984	10.080099	0.023776	-0.009971	0.267715	0.999841	0.000844	0.002005	-0.017704
07653	-0.015314	0.049743	10.100258	0.058385	-0.026397	0.287502	0.999841	0.000829	0.002001	-0.017696
07654	-0.027390	0.077795	10.118607	0.047566	0.002006	0.306144	0.999841	0.000835	0.002016	-0.017703
07655	-0.026215	0.062947	10.072197	0.047884	-0.012636	0.259619	0.999841	0.000840	0.002000	-0.017686
07656	-0.046973	0.067238	10.111186	0.027408	-0.007875	0.298791	0.999841	0.000831	0.002000	-0.017688
07657	-0.023258	0.058172	10.091920	0.050809	-0.017555	0.279284	0.999841	0.000834	0.002017	-0.017674
07658	-0.038865	0.057060	10.095864	0.035409	-0.018127	0.283334	0.999841	0.000828	0.002020	-0.017689
07659	-0.034137	0.073718	10.118617	0.040870	-0.001822	0.306173	0.999841	0.000835	0.002016	-0.017689
07660	-0.027221	0.055728	10.091924	0.046825	-0.019867	0.279299	0.999841	0.000828	0.002006	-0.017685
07661	-0.027917	0.075505	10.094961	0.046698	-0.000197	0.282487	0.999841	0.000846	0.002001	-0.017692
07662	-0.032297	0.066091	10.083582	0.041976	-0.009495	0.271072	0.999841	0.000840	0.002013	-0.017710
07663	-0.053172	0.070258	10.122556	0.021451	-0.004739	0.310228	0.999841	0.000832	0.001993	-0.017704
07664	-0.011976	0.070326	10.110757	0.062390	-0.006104	0.298127	0.999841	0.000846	0.001996	-0.017704
07665	-0.029795	0.081079	10.106352	0.044804	0.005234	0.293933	0.999841	0.000840	0.001981	-0.017690
07666	-0.020183	0.051304	10.087998	0.052963	-0.024699	0.275292	0.999841	0.000844	0.001972	-0.017685
07667	-0.029429	0.067633	10.114697	0.044356	-0.008287	0.302178	0.999841	0.000842	0.001966	-0.017691
07668	-0.013593	0.075793	10.122159	0.060523	-0.000754	0.309584	0.999841	0.000846	0.001972	-0.017683
07669	-0.023364	0.069371	10.091052	0.050228	-0.006626	0.278502	0.999841	0.000847	0.001959	-0.017690
07670	-0.033616	0.044712	10.111650	0.039162	-0.031044	0.298994	0.999841	0.000843	0.001964	-0.017693
07671	-0.043442	0.038126	10.080535	0.028828	-0.036911	0.267905	0.999841	0.000835	0.001954	-0.017680
07672	-0.026970	0.066719	10.091060	0.046127	-0.008938	0.278520	0.999841	0.000836	0.001938	-0.017694
07673	-0.028308	0.065868	10.091062	0.044793	-0.009706	0.278526	0.999841	0.000832	0.001956	-0.017693
07674	-0.012675	0.074004	10.098541	0.060944	-0.002177	0.285949	0.999841	0.000834	0.001955	-0.017703
07675	-0.037022	0.046774	10.068277	0.035402	-0.028265	0.255665	0.999841	0.000831	0.001954	-0.017695
07676	-0.046349	0.062990	10.094979	0.026705	-0.011804	0.282552	0.999841	0.000822	0.001943	-0.017694
07677	-0.033392	0.062335	10.091069	0.039470	-0.012766	0.278544	0.999841	0.000818	0.001939	-0.017694
07678	-0.014492	0.079133	10.109957	0.058930	0.003279	0.297417	0.999841	0.000814	0.001929	-0.017701
07679	-0.035822	0.060722	10.091071	0.036768	-0.014327	0.278552	0.999841	0.000829	0.001931	-0.017699
07680	-0.033768	0.089262	10.105538	0.040004	0.013814	0.293213	0.999841	0.000833	0.001936	-0.017689
07681	-0.021264	0.068244	10.098567	0.051580	-0.007592	0.285998	0.999841	0.000831	0.001919	-0.017693
07682	-0.008185	0.067709	10.094669	0.064357	-0.008559	0.282003	0.999841	0.000834	0.001911	-0.017689
07683	-0.014779	0.069909	10.074944	0.057463	-0.005908	0.262344	0.999841	0.000824	0.001897	-0.017696
07684	-0.030132	0.068791	10.078846	0.042015	-0.006485	0.266349	0.999841	0.000832	0.001902	-0.017697
07685	-0.031487	0.068029	10.078847	0.040730	-0.007268	0.266353	0.999841	0.000830	0.001903	-0.017688
07686	-0.016116	0.055627	10.083280	0.055659	-0.020155	0.270585	0.999841	0.000824	0.001902	-0.017711
07687	-0.028469	0.063192	10.098582	0.043569	-0.012266	0.286031	0.999841	0.000828	0.001892	-0.017704
07688	-0.027152	0.050527	10.106909	0.044380	-0.024985	0.294256	0.999841	0.000820	0.001891	-0.017704
07689	-0.030660	0.081888	10.101671	0.042086	0.006586	0.289272	0.999841	0.000822	0.001903	-0.017709
07690	-0.035053	0.072408	10.090263	0.037376	-0.002701	0.277826	0.999841	0.000825	0.001903	-0.017707
07691	-0.016810	0.068761	10.106112	0.055641	-0.007074	0.293517	0.999841	0.000820	0.001907	-0.017712
07692	-0.041171	0.041665	10.075762	0.030118	-0.033129	0.263145	0.999841	0.000832	0.001904	-0.017720
07693	-0.024552	0.090946	10.089474	0.048561	0.015269	0.277098	0.999841	0.000835	0.001906	-0.017711
07694	-0.037918	0.057588	10.098585	0.034127	-0.017697	0.286060	0.999841	0.000834	0.001906	-0.017699
07695	-0.035683	0.085824	10.113096	0.037346	0.010495	0.300762	0.999841	0.000822	0.001894	-0.017713
07696	-0.026103	0.056040	10.094710	0.045584	-0.019365	0.282090	0.999841	0.000822	0.001892	-0.017725
07697	-0.027264	0.055255	10.094711	0.044265	-0.020132	0.282095	0.999841	0.000824	0.001880	-0.017732
07698	-0.039572	0.062827	10.110004	0.032185	-0.012240	0.297531	0.999841	0.000821	0.001876	-0.017731
07699	-0.015415	0.053890	10.090842	0.055659	-0.021859	0.278134	0.999841	0.000823	0.001862	-0.017735
07700	-0.044890	0.052551	10.098584	0.026091	-0.022251	0.286075	0.999841	0.000826	0.001864	-0.017726
07701	-0.014729	0.081634	10.105372	0.057474	0.005521	0.292860	0.999841	0.000839	0.001876	-0.017730
07702	-0.021928	0.063451	10.082531	0.049488	-0.012231	0.269939	0.999841	0.000827	0.001865	-0.017717
07703	-0.037099	0.062125	10.086400	0.034031	-0.012782	0.273906	0.999841	0.000815	0.001850	-0.017727
07704	-0.021067	0.070430	10.093962	0.050132	-0.005244	0.281416	0.999841	0.000839	0.001837	-0.017740
07705	-0.041882	0.072832	10.078084	0.029183	-0.002392	0.265704	0.999841	0.000855	0.001841	-0.017727
07706	-0.046510	0.065602	10.121422	0.024679	-0.009884	0.309019	0.999841	0.000850	0.001845	-0.017731
07707	-0.036652	0.056438	10.106136	0.034135	-0.019315	0.293597	0.999841	0.000858	0.001842	-0.017730
07708	-0.031744	0.070893	10.074227	0.039305	-0.004853	0.261761	0.999841	0.000856	0.001842	-0.017722
07709	-0.013334	0.067252	10.090117	0.057513	-0.009273	0.277494	0.999841	0.000858	0.001828	-0.017726
07710	-0.030990	0.078050	10.085661	0.039912	0.002111	0.273244	0.999841	0.000865	0.001810	-0.017731
07711	-0.032348	0.077097	10.085664	0.038547	0.001331	0.273249	0.999841	0.000844	0.001831	-0.017732
07712	-0.017255	0.064689	10.090127	0.053452	-0.011586	0.277514	0.999841	0.000859	0.001832	-0.017728
07713	-0.032242	0.084162	10.097101	0.039153	0.008248	0.284736	0.999841	0.000856	0.001826	-0.017727
07714	-0.014370	0.060027	10.109876	0.056211	-0.016574	0.297207	0.999841	0.000857	0.001827	-0.017729
07715	-0.034728	0.082456	10.097106	0.036465	0.006723	0.284747	0.999841	0.000848	0.001816	-0.017726
07716	-0.022157	0.061451	10.090138	0.048071	-0.014653	0.277537	0.999841	0.000856	0.001810	-0.017733
07717	-0.028792	0.063928	10.070394	0.041232	-0.011946	0.257859	0.999841	0.000865	0.001803	-0.017729
07718	-0.038733	0.059857	10.093978	0.031220	-0.016008	0.281481	0.999841	0.000873	0.001799	-0.017727
07719	-0.017320	0.064884	10.121328	0.052671	-0.011928	0.308720	0.999841	0.000864	0.001776	-0.017719
07720	-0.021460	0.055335	10.109890	0.048036	-0.021177	0.297241	0.999841	0.000865	0.001787	-0.017725
07721	-0.039623	0.066048	10.105419	0.030448	-0.009825	0.292975	0.999841	0.000867	0.001797	-0.017730
07722	-0.035231	0.060138	10.070397	0.034442	-0.015743	0.257880	0.999841	0.000879	0.001794	-0.017738
07723	-0.030976	0.056216	10.090145	0.038560	-0.019990	0.277569	0.999841	0.000869	0.001782	-0.017747
07724	-0.031651	0.075734	10.093290	0.038389	-0.000340	0.280863	0.999840	0.000864	0.001774	-0.017756
07725	-0.049892	0.065853	10.085672	0.019629	-0.009385	0.273300	0.999841	0.000857	0.001769	-0.017736
07726	-0.003305	0.062811	10.093949	0.066002	-0.014146	0.281232	0.999841	0.000865	0.001763	-0.017732
07727	-0.021250	0.073625	10.089474	0.048383	-0.002756	0.276961	0.999841	0.000867	0.001765	-0.017725
07728	-0.020147	0.061065	10.097776	0.049162	-0.015471	0.285162	0.999841	0.000870	0.001768	-0.017716
07729	-0.012679	0.063690	10.074210	0.056487	-0.012912	0.261566	0.999841	0.000865	0.001759	-0.017725
07730	-0.036716	0.059009	10.101598	0.032322	-0.016810	0.289084	0.999841	0.000857	0.001751	-0.017714
07731	-0.035089	0.066811	10.113051	0.034225	-0.009068	0.300583	0.999841	0.000858	0.001753	-0.017708
07732	-0.013593	0.069815	10.085674	0.055674	-0.006678	0.273082	0.999841	0.000861	0.001755	-0.017699
07733	-0.026726	0.056824	10.097786	0.042362	-0.019239	0.285186	0.999841	0.000852	0.001769	-0.017696
07734	-0.025115	0.064548	10.109244	0.044327	-0.011557	0.296690	0.999842	0.000850	0.001755	-0.017691
07735	-0.028852	0.075643	10.100950	0.040889	-0.000376	0.288504	0.999841	0.000862	0.001765	-0.017704
07736	-0.027696	0.063055	10.109246	0.041689	-0.013112	0.296699	0.999842	0.000855	0.001759	-0.017693
07737	-0.033909	0.085820	10.092660	0.036136	0.010029	0.280325	0.999842	0.000858	0.001761	-0.017693
07738	-0.015735	0.082078	10.108615	0.054332	0.005578	0.296126	0.999842	0.000850	0.001765	-0.017686
07739	-0.020261	0.052081	10.093990	0.048577	-0.024071	0.281312	0.999842	0.000852	0.001753	-0.017692
07740	-0.043901	0.067951	10.124513	0.025566	-0.007600	0.312114	0.999842	0.000850	0.001750	-0.017692
07741	-0.019634	0.058964	10.105458	0.049215	-0.017171	0.292827	0.999841	0.000840	0.001738	-0.017700
07742	-0.025596	0.081779	10.088880	0.043674	0.005977	0.276460	0.999841	0.000849	0.001722	-0.017703
07743	-0.015198	0.093079	10.076800	0.054369	0.016996	0.264393	0.999841	0.000840	0.001736	-0.017700
07744	-0.042639	0.059307	10.089500	0.025760	-0.015822	0.277032	0.999841	0.000844	0.001715	-0.017702
07745	-0.027199	0.047094	10.093998	0.040676	-0.028731	0.281334	0.999842	0.000853	0.001725	-0.017694
07746	-0.019415	0.070144	10.073635	0.049268	-0.005745	0.261088	0.999841	0.000836	0.001727	-0.017709
07747	-0.029444	0.065633	10.097183	0.039198	-0.009870	0.284671	0.999841	0.000832	0.001721	-0.017718
07748	-0.047613	0.055861	10.089498	0.020495	-0.018928	0.277039	0.999841	0.000836	0.001712	-0.017715
07749	-0.020052	0.076084	10.085118	0.048585	0.000377	0.272621	0.999841	0.000829	0.001707	-0.017703
07750	-0.024290	0.066493	10.073649	0.044011	-0.008845	0.261110	0.999841	0.000823	0.001720	-0.017721
07751	-0.019628	0.082821	10.096602	0.049210	0.007269	0.284151	0.999841	0.000816	0.001688	-0.017720
07752	-0.037648	0.073127	10.088908	0.030511	-0.001786	0.276510	0.999841	0.000830	0.001690	-0.017719
07753	-0.039381	0.051892	10.085715	0.028009	-0.022950	0.273173	0.999841	0.000820	0.001690	-0.017723
07754	-0.037742	0.059546	10.097193	0.029848	-0.015260	0.284696	0.999841	0.000812	0.001679	-0.017709
07755	-0.038507	0.079197	10.100391	0.029637	0.004440	0.288043	0.999841	0.000816	0.001671	-0.017720
07756	-0.028192	0.090499	10.088341	0.040323	0.015492	0.276006	0.999841	0.000806	0.001683	-0.017719
07757	-0.024644	0.065974	10.104905	0.043182	-0.009211	0.292366	0.999841	0.000810	0.001678	-0.017706
07758	-0.025795	0.065267	10.104906	0.041871	-0.010019	0.292371	0.999841	0.000818	0.001669	-0.017721
07759	-0.032711	0.047308	10.081942	0.033997	-0.027660	0.269323	0.999842	0.000824	0.001664	-0.017696
07760	-0.014065	0.064237	10.101145	0.053237	-0.011694	0.288525	0.999841	0.000834	0.001657	-0.017715
07761	-0.012579	0.072181	10.112632	0.055099	-0.004005	0.300059	0.999841	0.000834	0.001666	-0.017720
07762	-0.047602	0.073820	10.100393	0.020162	-0.000898	0.288067	0.999841	0.000820	0.001664	-0.017712
07763	-0.020528	0.073460	10.092879	0.047093	-0.001988	0.280369	0.999841	0.000817	0.001659	-0.017712
07764	-0.021698	0.072648	10.092882	0.045752	-0.002772	0.280375	0.999842	0.000821	0.001650	-0.017707
07765	-0.026228	0.042737	10.078181	0.040019	-0.032379	0.265487	0.999841	0.000817	0.001655	-0.017710
07766	-0.019027	0.067631	10.112654	0.048403	-0.007861	0.300091	0.999842	0.000805	0.001656	-0.017692
07767	-0.039294	0.090189	10.099860	0.028759	0.015488	0.287599	0.999842	0.000818	0.001645	-0.017696
07768	-0.026734	0.069271	10.092894	0.040388	-0.005831	0.280397	0.999842	0.000808	0.001644	-0.017700
07769	-0.016788	0.060011	10.077656	0.049945	-0.015178	0.265026	0.999842	0.000803	0.001649	-0.017704
07770	-0.012281	0.076485	10.100648	0.055065	0.000909	0.288107	0.999842	0.000812	0.001632	-0.017706
07771	-0.033232	0.058171	10.081404	0.033127	-0.016560	0.268871	0.999842	0.000809	0.001627	-0.017705
07772	-0.014649	0.074903	10.100656	0.052366	-0.000612	0.288122	0.999842	0.000810	0.001627	-0.017707
07773	-0.030322	0.053263	10.101173	0.035737	-0.021610	0.288585	0.999842	0.000802	0.001606	-0.017702
07774	-0.030969	0.073071	10.104403	0.035544	-0.001977	0.291965	0.999842	0.000825	0.001600	-0.017673
07775	-0.020790	0.064330	10.089166	0.045088	-0.011318	0.276598	0.999842	0.000839	0.001587	-0.017677
07776	-0.007314	0.084228	10.088666	0.059027	0.008143	0.276157	0.999842	0.000820	0.001576	-0.017674
07777	-0.023176	0.062451	10.089173	0.042411	-0.012859	0.276608	0.999842	0.000820	0.001587	-0.017681
07778	-0.019642	0.038037	10.105707	0.045195	-0.037605	0.292939	0.999842	0.000828	0.001578	-0.017686
07779	-0.034209	0.077865	10.115913	0.031982	0.002596	0.303533	0.999842	0.000825	0.001573	-0.017685
07780	-0.012851	0.060343	10.085449	0.052498	-0.015304	0.272802	0.999842	0.000816	0.001576	-0.017679
07781	-0.033691	0.062439	10.069408	0.031715	-0.012346	0.256913	0.999842	0.000823	0.001581	-0.017680
07782	-0.046772	0.049519	10.081397	0.018312	-0.024933	0.268892	0.999842	0.000821	0.001580	-0.017671
07783	-0.028145	0.066255	10.100688	0.037521	-0.009008	0.288184	0.999842	0.000823	0.001570	-0.017668
07784	-0.027038	0.053638	10.108952	0.038257	-0.021779	0.296348	0.999842	0.000825	0.001581	-0.017672
07785	-0.021821	0.068179	10.077200	0.043724	-0.007120	0.264670	0.999843	0.000818	0.001564	-0.017658
07786	-0.026551	0.060471	10.120466	0.038789	-0.014885	0.307909	0.999843	0.000815	0.001560	-0.017657
07787	-0.033085	0.062891	10.100695	0.032192	-0.012074	0.288199	0.999843	0.000817	0.001561	-0.017658
07788	-0.031589	0.070726	10.112208	0.034043	-0.004436	0.299759	0.999843	0.000820	0.001562	-0.017658
07789	-0.027654	0.066591	10.131984	0.037983	-0.008781	0.319478	0.999842	0.000810	0.001563	-0.017661
07790	-0.028177	0.063853	10.077213	0.037069	-0.010928	0.264693	0.999842	0.000805	0.001568	-0.017667
07791	-0.037955	0.080022	10.103955	0.027957	0.005300	0.291616	0.999842	0.000817	0.001556	-0.017673
07792	-0.016453	0.062691	10.073508	0.050505	-0.010684	0.260897	0.999841	0.000711	0.001652	-0.017727
07793	-0.031785	0.061413	10.077217	0.035037	-0.011299	0.264700	0.999842	0.000706	0.001639	-0.017702
07794	-0.024758	0.065990	10.108514	0.042156	-0.007231	0.295981	0.999842	0.000715	0.001626	-0.017696
07795	-0.042480	0.076777	10.103962	0.024625	0.004140	0.291625	0.999842	0.000713	0.001622	-0.017695
07796	-0.043710	0.075826	10.103964	0.023300	0.003365	0.291628	0.999842	0.000702	0.001619	-0.017707
07797	-0.016511	0.075647	10.096568	0.050229	0.002290	0.284053	0.999842	0.000712	0.001604	-0.017698
07798	-0.017926	0.054458	10.093302	0.047764	-0.018890	0.280646	0.999842	0.000710	0.001590	-0.017692
07799	-0.032938	0.073639	10.100272	0.033414	0.000897	0.287852	0.999842	0.000699	0.001597	-0.017709
07800	-0.034180	0.072614	10.100275	0.032090	0.000130	0.287856	0.999842	0.000689	0.001585	-0.017717
07801	-0.021576	0.051452	10.093310	0.043768	-0.021195	0.280660	0.999842	0.000677	0.001585	-0.017697
07802	-0.017132	0.067674	10.116369	0.048808	-0.005169	0.303804	0.999842	0.000676	0.001571	-0.017692
07803	-0.018748	0.046464	10.113092	0.046339	-0.026345	0.300388	0.999842	0.000684	0.001578	-0.017693
07804	-0.041843	0.060569	10.088752	0.023590	-0.011390	0.276299	0.999842	0.000688	0.001570	-0.017687
07805	-0.040226	0.068272	10.100283	0.025455	-0.003762	0.287874	0.999842	0.000678	0.001568	-0.017700
07806	-0.007387	0.085264	10.115983	0.058788	0.011969	0.303480	0.999842	0.000686	0.001552	-0.017704
07807	-0.033967	0.049749	10.073537	0.030602	-0.022240	0.260958	0.999842	0.000674	0.001558	-0.017720
07808	-0.026902	0.074739	10.108139	0.038805	0.002171	0.295689	0.999842	0.000691	0.001555	-0.017704
07809	-0.044988	0.065155	10.100284	0.020135	-0.006818	0.287885	0.999842	0.000688	0.001540	-0.017701
07810	-0.029033	0.073213	10.108145	0.036137	0.000646	0.295700	0.999842	0.000686	0.001526	-0.017695
07811	-0.032617	0.084267	10.099903	0.032768	0.011885	0.287560	0.999842	0.000688	0.001527	-0.017696
07812	-0.033834	0.083393	10.099907	0.031447	0.011129	0.287565	0.999842	0.000679	0.001518	-0.017696
07813	-0.035282	0.061985	10.096613	0.028992	-0.010043	0.284131	0.999842	0.000673	0.001505	-0.017724
07814	-0.019512	0.070125	10.104484	0.044983	-0.002572	0.291959	0.999842	0.000684	0.001508	-0.017701
07815	-0.037682	0.060417	10.096614	0.026353	-0.011604	0.284137	0.999842	0.000676	0.001496	-0.017708
07816	-0.021738	0.068429	10.104492	0.042343	-0.004133	0.291970	0.999842	0.000677	0.001481	-0.017724
