// General information: 
//  MT Manager version: 2021.0.0 
//  XDA version: 2021.0.0 build 5908 rev 109668 built on 2021-04-19
// Device information: 
//  DeviceId: 00B43DF0
//  ProductCode: MTW2-3A7G6
//  Firmware Version: 4.3.5
//  Hardware Version: 1.1.0
// Device settings: 
//  Filter Profile: human(46.1)
//  Option Flags: Orientation Smoother Disabled, Position/Velocity Smoother Disabled, Continuous Zero Rotation Update Disabled, AHS Disabled, ICC Disabled
// Coordinate system: ENU
PacketCounter	Acc_X	Acc_Y	Acc_Z	FreeAcc_E	FreeAcc_N	FreeAcc_U	Quat_q0	Quat_q1	Quat_q2	Quat_q3
07551	-0.038400	0.003066	9.743921	0.014648	-0.014618	-0.068712	0.999777	0.000471	0.001584	0.021057
07552	-0.031734	0.013087	9.735157	0.021078	-0.004285	-0.077494	0.999777	0.000477	0.001600	0.021055
07553	-0.022652	0.007939	9.784787	0.030738	-0.009173	-0.027924	0.999777	0.000477	0.001596	0.021062
07554	-0.039608	0.014788	9.754063	0.013089	-0.003115	-0.058542	0.999777	0.000488	0.001575	0.021067
07555	-0.037454	0.004883	9.743924	0.015438	-0.013037	-0.068711	0.999777	0.000491	0.001577	0.021060
07556	-0.026080	0.012209	9.759973	0.026560	-0.005343	-0.052709	0.999777	0.000495	0.001574	0.021047
07557	-0.030292	0.015254	9.735158	0.021993	-0.002314	-0.077495	0.999777	0.000478	0.001568	0.021060
07558	-0.015614	0.052918	9.762717	0.035055	0.035988	-0.049943	0.999777	0.000486	0.001556	0.021039
07559	-0.024999	0.013253	9.759974	0.027098	-0.004151	-0.052710	0.999778	0.000488	0.001544	0.021031
07560	-0.036041	0.006733	9.743928	0.016346	-0.011049	-0.068710	0.999777	0.000481	0.001565	0.021038
07561	-0.039863	0.005058	9.787650	0.012920	-0.012891	-0.024972	0.999778	0.000482	0.001553	0.021028
07562	-0.011475	0.010784	9.765882	0.040791	-0.005959	-0.046880	0.999777	0.000483	0.001550	0.021035
07563	-0.036956	0.018313	9.754067	0.014790	0.000502	-0.058544	0.999778	0.000483	0.001538	0.021025
07564	-0.035015	0.008347	9.743931	0.017125	-0.009416	-0.068710	0.999778	0.000489	0.001553	0.021022
07565	-0.025561	0.026049	9.770110	0.026122	0.008629	-0.042548	0.999778	0.000484	0.001554	0.021026
07566	-0.031985	0.016718	9.778882	0.020115	-0.000921	-0.033760	0.999778	0.000481	0.001549	0.021016
07567	-0.026105	0.008577	9.725023	0.026074	-0.008611	-0.087664	0.999778	0.000473	0.001558	0.021020
07568	-0.037823	0.030744	9.764202	0.013644	0.012839	-0.048382	0.999778	0.000496	0.001549	0.021025
07569	-0.029474	0.007582	9.768747	0.022821	-0.010028	-0.043924	0.999778	0.000480	0.001544	0.021014
07570	-0.044947	0.003845	9.727892	0.007349	-0.014293	-0.084704	0.999778	0.000491	0.001550	0.021004
07571	-0.022413	0.018086	9.759973	0.029449	0.000756	-0.052716	0.999778	0.000489	0.001546	0.021009
07572	-0.026675	0.021216	9.735158	0.024888	0.003781	-0.077502	0.999778	0.000485	0.001547	0.021015
07573	-0.028791	0.009196	9.768748	0.023614	-0.008378	-0.043925	0.999778	0.000490	0.001561	0.021012
07574	-0.046099	0.016054	9.738026	0.005973	-0.002337	-0.074541	0.999778	0.000499	0.001557	0.021009
07575	-0.028435	0.010227	9.768748	0.023994	-0.007567	-0.043925	0.999778	0.000501	0.001558	0.021002
07576	-0.026494	0.000257	9.758616	0.026326	-0.017492	-0.054086	0.999778	0.000505	0.001560	0.020996
07577	-0.032450	0.013825	9.743933	0.019622	-0.004128	-0.068711	0.999778	0.000498	0.001548	0.020998
07578	-0.032208	0.014070	9.743934	0.019820	-0.003733	-0.068711	0.999778	0.000489	0.001556	0.021002
07579	-0.012375	0.020485	9.741060	0.039319	0.003586	-0.071678	0.999778	0.000491	0.001545	0.020992
07580	-0.020340	0.021724	9.759970	0.031153	0.004399	-0.052723	0.999778	0.000495	0.001530	0.020992
07581	-0.050732	0.009156	9.746811	0.001080	-0.009426	-0.065744	0.999778	0.000492	0.001528	0.020989
07582	-0.024488	0.002568	9.758621	0.027441	-0.015033	-0.054085	0.999778	0.000507	0.001510	0.020988
07583	-0.038755	0.017112	9.762847	0.012398	-0.001281	-0.049756	0.999778	0.000507	0.001506	0.020996
07584	-0.010842	0.000118	9.764526	0.040935	-0.017250	-0.048256	0.999779	0.000523	0.001502	0.020980
07585	-0.038267	0.018012	9.762847	0.012792	-0.000468	-0.049757	0.999779	0.000503	0.001508	0.020976
07586	-0.023483	0.004224	9.758623	0.028222	-0.013420	-0.054085	0.999779	0.000502	0.001512	0.020960
07587	-0.031657	0.005336	9.777535	0.020076	-0.012620	-0.035128	0.999779	0.000496	0.001505	0.020970
07588	-0.022911	0.004871	9.758624	0.028592	-0.012612	-0.054085	0.999779	0.000496	0.001499	0.020978
07589	-0.017710	0.025425	9.759966	0.032864	0.008055	-0.052731	0.999779	0.000504	0.001496	0.020974
07590	-0.035479	0.009268	9.752722	0.015911	-0.008806	-0.059914	0.999779	0.000494	0.001516	0.020962
07591	-0.035546	0.009591	9.752721	0.016085	-0.008377	-0.059914	0.999779	0.000495	0.001524	0.020971
07592	-0.037129	0.020597	9.762847	0.014128	0.002359	-0.049759	0.999779	0.000511	0.001518	0.020957
07593	-0.030232	0.030670	9.754060	0.020520	0.012704	-0.058563	0.999779	0.000498	0.001520	0.020973
07594	-0.020240	-0.003161	9.748500	0.031860	-0.020509	-0.064240	0.999779	0.000494	0.001517	0.020970
07595	-0.034681	0.011148	9.752723	0.016812	-0.006753	-0.059914	0.999779	0.000490	0.001515	0.020967
07596	-0.036614	-0.000856	9.786327	0.015542	-0.018885	-0.026323	0.999779	0.000494	0.001515	0.020962
07597	-0.025755	0.011213	9.733810	0.025510	-0.006359	-0.078872	0.999779	0.000498	0.001504	0.020971
07598	-0.019178	-0.001539	9.748502	0.032606	-0.018885	-0.064239	0.999779	0.000498	0.001505	0.020945
07599	-0.046938	-0.006333	9.770305	0.005142	-0.024981	-0.042301	0.999779	0.000509	0.001501	0.020960
07600	-0.033328	0.013348	9.752725	0.017745	-0.004736	-0.059914	0.999779	0.000499	0.001496	0.020961
07601	-0.013726	-0.002974	9.773319	0.037913	-0.020270	-0.039452	0.999779	0.000511	0.001481	0.020950
07602	-0.032569	0.014348	9.752726	0.018123	-0.003931	-0.059914	0.999779	0.000519	0.001481	0.020955
07603	-0.036856	0.017626	9.727911	0.013534	-0.000934	-0.084700	0.999779	0.000526	0.001478	0.020960
07604	-0.019200	0.011837	9.758626	0.031568	-0.006127	-0.054088	0.999779	0.000529	0.001479	0.020954
07605	-0.014094	0.032421	9.759951	0.035821	0.014541	-0.052748	0.999779	0.000537	0.001478	0.020959
07606	-0.025059	0.025836	9.743931	0.025044	0.007615	-0.068725	0.999779	0.000521	0.001478	0.020956
07607	-0.041018	-0.000883	9.726586	0.010179	-0.019571	-0.086040	0.999779	0.000522	0.001485	0.020967
07608	-0.028658	0.024739	9.787659	0.021825	0.006251	-0.024981	0.999779	0.000539	0.001481	0.020953
07609	-0.013187	0.033955	9.759948	0.036544	0.016158	-0.052754	0.999780	0.000522	0.001465	0.020939
07610	-0.030700	0.017561	9.752727	0.019595	-0.000686	-0.059916	0.999780	0.000513	0.001470	0.020933
07611	-0.028912	0.007379	9.742608	0.021914	-0.010608	-0.070064	0.999780	0.000506	0.001483	0.020921
07612	-0.048442	0.001763	9.745506	0.002810	-0.017135	-0.067076	0.999780	0.000521	0.001485	0.020924
07613	-0.025863	0.016218	9.777540	0.024903	-0.002041	-0.035131	0.999780	0.000532	0.001480	0.020938
07614	-0.021806	0.018633	9.733809	0.028655	0.000525	-0.078879	0.999780	0.000531	0.001488	0.020930
07615	-0.030036	0.019829	9.752724	0.020505	0.001340	-0.059918	0.999780	0.000531	0.001483	0.020938
07616	-0.034707	0.000385	9.751409	0.016620	-0.018523	-0.061249	0.999779	0.000556	0.001485	0.020947
07617	-0.025018	0.018285	9.777539	0.025604	-0.000421	-0.035133	0.999780	0.000546	0.001474	0.020939
07618	-0.036043	0.011724	9.761525	0.014775	-0.007349	-0.051103	0.999780	0.000550	0.001486	0.020937
07619	-0.022653	0.031410	9.743920	0.027315	0.012915	-0.068737	0.999780	0.000546	0.001482	0.020934
07620	-0.045226	-0.004877	9.735398	0.006272	-0.024237	-0.077215	0.999780	0.000545	0.001488	0.020928
07621	-0.022751	0.009292	9.767424	0.028375	-0.009155	-0.045278	0.999780	0.000542	0.001489	0.020934
07622	-0.027040	0.012443	9.742608	0.023756	-0.006180	-0.070065	0.999780	0.000550	0.001482	0.020932
07623	-0.043552	0.014546	9.780442	0.007268	-0.004921	-0.032141	0.999780	0.000550	0.001477	0.020939
07624	-0.026567	0.013223	9.742608	0.024128	-0.005380	-0.070065	0.999779	0.000541	0.001485	0.020943
07625	-0.033039	0.003974	9.751414	0.018098	-0.014883	-0.061245	0.999780	0.000548	0.001479	0.020939
07626	-0.034583	0.015000	9.761526	0.016149	-0.004139	-0.051103	0.999780	0.000559	0.001484	0.020931
07627	-0.019663	0.001548	9.757313	0.031553	-0.017084	-0.055420	0.999779	0.000563	0.001475	0.020948
07628	-0.032242	0.005521	9.751416	0.018641	-0.013657	-0.061244	0.999779	0.000563	0.001467	0.020946
07629	-0.044881	0.009451	9.745519	0.005700	-0.010240	-0.067068	0.999779	0.000561	0.001465	0.020961
07630	-0.026838	0.026395	9.752718	0.023016	0.007429	-0.059927	0.999780	0.000562	0.001464	0.020938
07631	-0.020249	0.013851	9.767424	0.030073	-0.005091	-0.045280	0.999779	0.000585	0.001452	0.020945
07632	-0.032894	0.017888	9.761526	0.017134	-0.001688	-0.051104	0.999779	0.000573	0.001452	0.020962
07633	-0.029222	-0.002682	9.741310	0.021571	-0.021979	-0.071382	0.999779	0.000579	0.001453	0.020974
07634	-0.032685	0.018594	9.761526	0.017486	-0.000859	-0.051105	0.999778	0.000569	0.001467	0.020994
07635	-0.037439	-0.001188	9.760229	0.013595	-0.020714	-0.052418	0.999778	0.000569	0.001458	0.020993
07636	-0.023874	0.018431	9.742607	0.026155	-0.000477	-0.070069	0.999778	0.000564	0.001459	0.020998
07637	-0.032126	0.019714	9.761526	0.017999	0.000371	-0.051106	0.999778	0.000574	0.001463	0.020989
07638	-0.017230	0.006298	9.757316	0.033414	-0.012562	-0.055420	0.999779	0.000581	0.001457	0.020985
07639	-0.028173	-0.000382	9.741313	0.022636	-0.019518	-0.071379	0.999778	0.000558	0.001458	0.020994
07640	-0.024910	0.030507	9.752711	0.024731	0.011522	-0.059935	0.999779	0.000576	0.001465	0.020982
07641	-0.016754	0.007414	9.757316	0.033940	-0.011343	-0.055420	0.999778	0.000571	0.001465	0.020988
07642	-0.042390	0.014829	9.745523	0.007909	-0.004972	-0.067065	0.999778	0.000572	0.001460	0.020997
07643	-0.034171	-0.008404	9.750131	0.017114	-0.027821	-0.062548	0.999778	0.000570	0.001466	0.020989
07644	-0.042119	0.015520	9.745523	0.008258	-0.004134	-0.067065	0.999779	0.000561	0.001470	0.020983
07645	-0.029055	0.012301	9.751419	0.021529	-0.006727	-0.061243	0.999779	0.000561	0.001473	0.020967
07646	-0.030608	0.023292	9.761523	0.019601	0.004035	-0.051110	0.999778	0.000575	0.001471	0.021000
07647	-0.035342	0.003654	9.760237	0.015722	-0.015820	-0.052412	0.999778	0.000566	0.001478	0.021003
07648	-0.041742	-0.005651	9.769055	0.009694	-0.025328	-0.043579	0.999778	0.000567	0.001465	0.020994
07649	-0.041016	0.017505	9.745524	0.009153	-0.002105	-0.067065	0.999779	0.000564	0.001459	0.020983
07650	-0.019694	-0.009195	9.756033	0.031500	-0.027958	-0.056721	0.999779	0.000572	0.001451	0.020970
07651	-0.035474	0.038553	9.746807	0.013569	0.018999	-0.065768	0.999779	0.000575	0.001448	0.020955
07652	-0.053471	-0.000327	9.763166	-0.002657	-0.020701	-0.049397	0.999779	0.000578	0.001453	0.020957
07653	-0.033643	0.006169	9.760241	0.016807	-0.013373	-0.052410	0.999780	0.000575	0.001443	0.020938
07654	-0.035050	0.016821	9.770343	0.014852	-0.002608	-0.042279	0.999779	0.000557	0.001437	0.020950
07655	-0.020119	0.003077	9.766137	0.030239	-0.015555	-0.046588	0.999779	0.000560	0.001437	0.020944
07656	-0.024430	0.006449	9.741321	0.025639	-0.012630	-0.071375	0.999780	0.000587	0.001432	0.020938
07657	-0.050139	0.014172	9.729533	-0.000421	-0.006258	-0.083017	0.999779	0.000590	0.001439	0.020950
07658	-0.030758	-0.002120	9.750145	0.019752	-0.021738	-0.062537	0.999779	0.000586	0.001435	0.020948
07659	-0.036853	0.011450	9.735428	0.013000	-0.008436	-0.077196	0.999779	0.000593	0.001436	0.020961
07660	-0.023684	0.008386	9.741322	0.026294	-0.011020	-0.071375	0.999779	0.000593	0.001431	0.020968
07661	-0.025163	0.019212	9.751419	0.024311	-0.000241	-0.061247	0.999779	0.000588	0.001427	0.020965
07662	-0.036150	0.012690	9.735429	0.014481	-0.005713	-0.077196	0.999778	0.000519	0.001480	0.021022
07663	-0.034161	0.002467	9.725333	0.016792	-0.015670	-0.087321	0.999778	0.000496	0.001473	0.021015
07664	-0.017772	0.029942	9.742591	0.032001	0.012381	-0.070094	0.999778	0.000523	0.001469	0.021008
07665	0.003452	0.003419	9.753108	0.054336	-0.013473	-0.059738	0.999778	0.000520	0.001470	0.021014
07666	-0.037215	0.002118	9.769075	0.013786	-0.016529	-0.043565	0.999778	0.000527	0.001464	0.021010
07667	-0.051730	0.016603	9.773277	-0.001296	-0.002743	-0.039260	0.999778	0.000527	0.001470	0.021020
07668	-0.018703	0.042437	9.752680	0.030536	0.024385	-0.059975	0.999778	0.000536	0.001465	0.021017
07669	-0.016929	0.009537	9.766139	0.033613	-0.008356	-0.046590	0.999778	0.000521	0.001454	0.021029
07670	-0.027887	0.002940	9.750154	0.022806	-0.015331	-0.062532	0.999778	0.000530	0.001462	0.021029
07671	-0.049028	0.007849	9.763186	0.001546	-0.011457	-0.049381	0.999778	0.000533	0.001454	0.021005
07672	-0.012450	0.012777	9.722398	0.037614	-0.005045	-0.090347	0.999778	0.000542	0.001456	0.021036
07673	-0.027032	0.027325	9.726597	0.022553	0.008717	-0.086045	0.999778	0.000549	0.001463	0.021017
07674	-0.035566	0.005887	9.769080	0.015173	-0.013215	-0.043562	0.999778	0.000549	0.001458	0.021025
07675	-0.015690	0.012458	9.766138	0.034649	-0.005890	-0.046592	0.999778	0.000557	0.001453	0.021022
07676	-0.046158	-0.000233	9.753099	0.004555	-0.019787	-0.059500	0.999778	0.000546	0.001447	0.021022
07677	-0.023395	0.013981	9.785063	0.026679	-0.004596	-0.027623	0.999778	0.000547	0.001434	0.021013
07678	-0.012630	0.025657	9.732486	0.036550	0.007779	-0.080231	0.999778	0.000530	0.001434	0.021009
07679	-0.027409	0.017251	9.760248	0.022237	-0.001229	-0.052411	0.999778	0.000540	0.001430	0.021023
07680	-0.044940	0.001223	9.753105	0.005260	-0.018143	-0.059497	0.999778	0.000546	0.001424	0.021002
07681	-0.031627	-0.001735	9.758997	0.018548	-0.020720	-0.053679	0.999778	0.000558	0.001412	0.021001
07682	-0.037604	0.011872	9.744270	0.011804	-0.007406	-0.068348	0.999778	0.000553	0.001410	0.020996
07683	-0.016104	0.007882	9.731233	0.033411	-0.010446	-0.081501	0.999778	0.000555	0.001415	0.020998
07684	-0.026023	0.019644	9.760247	0.023174	0.000818	-0.052414	0.999778	0.000555	0.001411	0.021004
07685	-0.023857	0.009541	9.750160	0.025461	-0.009128	-0.062531	0.999778	0.000552	0.001392	0.021007
07686	-0.025303	0.020490	9.760247	0.023516	0.001669	-0.052415	0.999778	0.000561	0.001400	0.021006
07687	-0.023323	0.010365	9.750161	0.025816	-0.008297	-0.062531	0.999778	0.000546	0.001388	0.021019
07688	-0.031283	0.011712	9.769089	0.017697	-0.007401	-0.043560	0.999778	0.000569	0.001378	0.021023
07689	-0.032693	0.022669	9.779175	0.015746	0.003383	-0.033445	0.999778	0.000554	0.001374	0.021014
07690	-0.022328	0.011720	9.750161	0.026346	-0.007062	-0.062531	0.999778	0.000568	0.001372	0.021007
07691	-0.040045	-0.004335	9.743033	0.009353	-0.023948	-0.069605	0.999778	0.000566	0.001381	0.021007
07692	-0.028633	0.002950	9.759006	0.020513	-0.016147	-0.053674	0.999778	0.000560	0.001369	0.021010
07693	-0.041125	0.006766	9.753120	0.007566	-0.012774	-0.059490	0.999778	0.000558	0.001354	0.021024
07694	-0.023079	0.023481	9.760246	0.024902	0.004935	-0.052419	0.999778	0.000533	0.001366	0.021018
07695	-0.021277	0.013300	9.750162	0.027180	-0.005016	-0.062532	0.999778	0.000546	0.001366	0.021019
07696	-0.021171	0.013858	9.750161	0.027344	-0.004606	-0.062533	0.999778	0.000548	0.001373	0.021030
07697	-0.021058	0.014308	9.750161	0.027488	-0.004182	-0.062533	0.999778	0.000550	0.001372	0.021023
07698	-0.020880	0.014695	9.750161	0.027674	-0.003761	-0.062533	0.999778	0.000545	0.001374	0.021028
07699	-0.025556	-0.005083	9.748927	0.023819	-0.023626	-0.063783	0.999778	0.000541	0.001371	0.021024
07700	-0.026749	0.028559	9.735425	0.021081	0.009913	-0.077211	0.999778	0.000549	0.001369	0.021030
07701	-0.038001	-0.000679	9.743042	0.011034	-0.019849	-0.069598	0.999778	0.000548	0.001363	0.021038
07702	-0.019926	0.016410	9.750160	0.028387	-0.002139	-0.062535	0.999778	0.000559	0.001365	0.021020
07703	-0.045635	0.023705	9.738387	0.002334	0.004199	-0.074165	0.999778	0.000537	0.001365	0.021031
07704	-0.029670	0.028254	9.779170	0.018290	0.009529	-0.033453	0.999778	0.000540	0.001365	0.021026
07705	-0.029040	-0.022718	9.747703	0.020808	-0.041480	-0.065025	0.999778	0.000555	0.001354	0.021042
07706	-0.025546	0.008409	9.759011	0.022877	-0.010396	-0.053672	0.999777	0.000554	0.001348	0.021049
07707	-0.023415	-0.001634	9.748933	0.025171	-0.020341	-0.063779	0.999777	0.000558	0.001332	0.021048
07708	-0.035939	0.002323	9.743050	0.012239	-0.016966	-0.069594	0.999777	0.000558	0.001324	0.021047
07709	-0.037409	0.013169	9.753128	0.010300	-0.006171	-0.059486	0.999777	0.000554	0.001325	0.021053
07710	-0.024348	0.010113	9.759012	0.023573	-0.008733	-0.053672	0.999777	0.000563	0.001332	0.021053
07711	-0.035372	0.003410	9.743051	0.012748	-0.015727	-0.069592	0.999778	0.000540	0.001324	0.021045
07712	-0.030178	0.023686	9.744274	0.016939	0.004977	-0.068354	0.999777	0.000539	0.001318	0.021052
07713	-0.023499	0.011014	9.759014	0.024038	-0.007462	-0.053672	0.999777	0.000543	0.001305	0.021060
07714	-0.034257	0.004592	9.743055	0.013207	-0.014462	-0.069591	0.999777	0.000555	0.001289	0.021050
07715	-0.017796	0.032079	9.760232	0.028382	0.013664	-0.052437	0.999777	0.000543	0.001285	0.021058
07716	-0.053290	-0.000791	9.746031	-0.005746	-0.020546	-0.066534	0.999777	0.000545	0.001290	0.021059
07717	-0.035343	0.016250	9.753131	0.011585	-0.002810	-0.059486	0.999777	0.000546	0.001294	0.021061
07718	-0.013882	0.012390	9.740081	0.033147	-0.005862	-0.072647	0.999778	0.000557	0.001293	0.021044
07719	-0.028323	0.026782	9.744271	0.018070	0.007926	-0.068358	0.999778	0.000545	0.001286	0.021042
07720	-0.028330	0.027147	9.744270	0.018236	0.008326	-0.068359	0.999778	0.000552	0.001313	0.021044
07721	-0.041639	0.008339	9.761990	0.006039	-0.011037	-0.050614	0.999778	0.000544	0.001311	0.021031
07722	-0.033157	0.007868	9.743057	0.014512	-0.011121	-0.069588	0.999778	0.000553	0.001318	0.021030
07723	-0.032950	0.008366	9.743057	0.014668	-0.010712	-0.069588	0.999778	0.000553	0.001308	0.021029
07724	-0.026317	-0.004373	9.757802	0.021800	-0.023151	-0.054900	0.999778	0.000549	0.001306	0.021026
07725	-0.023019	0.026566	9.769083	0.023870	0.007937	-0.043574	0.999778	0.000547	0.001312	0.021018
07726	-0.021048	0.016609	9.759011	0.026133	-0.002037	-0.053674	0.999778	0.000562	0.001299	0.021035
07727	-0.031963	0.010085	9.743059	0.015306	-0.009044	-0.069587	0.999778	0.000553	0.001298	0.021021
07728	-0.041694	0.021882	9.772063	0.005035	0.002276	-0.040512	0.999778	0.000562	0.001280	0.021032
07729	-0.032940	0.021325	9.753130	0.013497	0.002199	-0.059488	0.999778	0.000546	0.001276	0.021021
07730	-0.031078	0.011065	9.743060	0.015780	-0.007798	-0.069587	0.999778	0.000544	0.001285	0.021022
07731	-0.011769	-0.005237	9.763689	0.035982	-0.023176	-0.049084	0.999778	0.000534	0.001290	0.021025
07732	-0.025961	0.031773	9.744263	0.020119	0.013310	-0.068368	0.999778	0.000535	0.001280	0.021025
07733	-0.037214	0.002473	9.751927	0.010068	-0.016449	-0.060708	0.999778	0.000534	0.001282	0.021010
07734	-0.047217	0.014357	9.780930	-0.000226	-0.005133	-0.031634	0.999778	0.000544	0.001287	0.021010
07735	-0.023829	0.022461	9.734193	0.022691	0.004135	-0.078467	0.999778	0.000524	0.001293	0.021007
07736	-0.025662	0.010619	9.767877	0.021487	-0.007765	-0.044798	0.999779	0.000538	0.001285	0.020991
07737	-0.044955	0.005026	9.770864	0.002350	-0.014275	-0.041729	0.999779	0.000534	0.001281	0.020988
07738	-0.003909	0.007152	9.754822	0.043206	-0.010427	-0.057963	0.999778	0.000540	0.001286	0.021011
07739	-0.038068	0.015451	9.761995	0.008843	-0.003571	-0.050610	0.999778	0.000534	0.001289	0.021024
07740	-0.016525	0.011408	9.748941	0.030437	-0.006637	-0.063776	0.999778	0.000534	0.001281	0.021023
07741	-0.030816	0.025816	9.753126	0.015346	0.007132	-0.059493	0.999778	0.000535	0.001267	0.021014
07742	-0.017552	0.022579	9.759006	0.028620	0.004603	-0.053682	0.999778	0.000519	0.001266	0.021011
07743	-0.035143	0.006221	9.751933	0.011645	-0.012310	-0.060704	0.999778	0.000518	0.001261	0.021018
07744	-0.028345	0.016022	9.743062	0.018000	-0.002002	-0.069588	0.999778	0.000497	0.001268	0.021012
07745	-0.047761	0.010267	9.746054	-0.001109	-0.008504	-0.066514	0.999778	0.000511	0.001266	0.021004
07746	-0.015123	0.013404	9.748941	0.031444	-0.004114	-0.063777	0.999778	0.000509	0.001275	0.021004
07747	-0.014941	0.013865	9.748940	0.031592	-0.003698	-0.063778	0.999779	0.000516	0.001265	0.020992
07748	-0.034212	0.008233	9.751935	0.012491	-0.010213	-0.060702	0.999778	0.000516	0.001263	0.021008
07749	-0.045280	0.001496	9.735994	0.001650	-0.017235	-0.076604	0.999779	0.000502	0.001268	0.020992
07750	-0.033880	0.008969	9.751936	0.012828	-0.009344	-0.060702	0.999779	0.000519	0.001264	0.020992
07751	-0.023497	-0.001973	9.722937	0.023408	-0.019852	-0.089770	0.999779	0.000507	0.001257	0.020992
07752	-0.000700	0.012568	9.754817	0.045555	-0.004532	-0.057969	0.999779	0.000530	0.001246	0.020997
07753	-0.028349	0.007918	9.776754	0.018144	-0.010517	-0.035912	0.999779	0.000521	0.001248	0.020992
07754	-0.028195	0.008268	9.776754	0.018325	-0.010099	-0.035912	0.999779	0.000524	0.001249	0.020985
07755	-0.040971	0.012144	9.770876	0.005349	-0.006715	-0.041722	0.999779	0.000518	0.001248	0.020990
07756	-0.019651	0.008146	9.757816	0.026929	-0.009782	-0.054891	0.999779	0.000522	0.001265	0.020996
07757	-0.025859	0.021640	9.743058	0.020156	0.003446	-0.069593	0.999778	0.000520	0.001254	0.021017
07758	-0.029685	-0.002306	9.810450	0.017670	-0.020752	-0.002230	0.999779	0.000522	0.001267	0.020997
07759	-0.032171	0.012853	9.751937	0.014331	-0.005618	-0.060701	0.999778	0.000521	0.001261	0.021004
07760	-0.044831	0.016737	9.746059	0.001371	-0.002254	-0.066511	0.999778	0.000521	0.001255	0.021011
07761	-0.025019	0.023162	9.743056	0.020809	0.005102	-0.069595	0.999779	0.000512	0.001254	0.020997
07762	-0.031442	0.013925	9.751938	0.014798	-0.004363	-0.060701	0.999779	0.000515	0.001253	0.020991
07763	-0.037610	0.027389	9.737178	0.008003	0.008881	-0.075405	0.999779	0.000510	0.001253	0.020997
07764	-0.037701	0.005215	9.760821	0.008960	-0.013421	-0.051806	0.999779	0.000524	0.001254	0.020999
07765	-0.029056	0.004843	9.741882	0.017427	-0.013519	-0.070786	0.999779	0.000524	0.001242	0.020988
07766	-0.023876	0.025307	9.743054	0.021621	0.007188	-0.069598	0.999779	0.000519	0.001242	0.020992
07767	-0.028573	0.005593	9.741883	0.017757	-0.012666	-0.070785	0.999779	0.000521	0.001242	0.020985
07768	-0.040258	0.028031	9.780932	0.005379	0.009118	-0.031638	0.999779	0.000526	0.001248	0.020965
07769	-0.023386	0.026542	9.743052	0.022088	0.008478	-0.069600	0.999779	0.000514	0.001240	0.020964
07770	-0.027924	0.006736	9.741884	0.018232	-0.011402	-0.070784	0.999779	0.000514	0.001231	0.020963
07771	-0.034318	-0.002461	9.750772	0.012265	-0.020849	-0.061885	0.999780	0.000512	0.001239	0.020953
07772	-0.029238	0.018139	9.751938	0.016446	-0.000148	-0.060703	0.999779	0.000523	0.001229	0.020960
07773	-0.048480	0.012542	9.754950	-0.002677	-0.006655	-0.057611	0.999779	0.000523	0.001223	0.020967
07774	-0.028685	0.019109	9.751938	0.016788	0.000692	-0.060703	0.999779	0.000528	0.001225	0.020979
07775	-0.026711	0.009099	9.741886	0.019070	-0.009299	-0.070784	0.999780	0.000532	0.001218	0.020955
07776	-0.026410	0.009646	9.741886	0.019239	-0.008890	-0.070784	0.999779	0.000543	0.001213	0.020970
07777	-0.032683	0.000537	9.750778	0.013239	-0.018340	-0.061881	0.999780	0.000539	0.001202	0.020950
07778	-0.047124	0.015005	9.754953	-0.001822	-0.004570	-0.057610	0.999780	0.000549	0.001207	0.020941
07779	-0.017564	-0.012416	9.746605	0.028826	-0.030869	-0.066151	0.999780	0.000556	0.001204	0.020945
07780	-0.027209	0.022250	9.751935	0.017798	0.003182	-0.060706	0.999780	0.000566	0.001208	0.020936
07781	-0.031928	0.002755	9.750780	0.013927	-0.016696	-0.061879	0.999780	0.000577	0.001208	0.020919
07782	-0.057547	0.010257	9.739031	-0.010583	-0.009017	-0.073491	0.999779	0.000512	0.001278	0.020988
07783	-0.024668	0.013326	9.741886	0.021996	-0.004625	-0.070786	0.999779	0.000512	0.001273	0.020996
07784	-0.019867	0.011094	9.766703	0.027017	-0.006587	-0.045997	0.999779	0.000502	0.001280	0.020999
07785	-0.026172	0.024563	9.751932	0.020220	0.006635	-0.060712	0.999779	0.000511	0.001288	0.020998
07786	-0.024267	0.014538	9.741886	0.022498	-0.003368	-0.070787	0.999778	0.000511	0.001281	0.021005
07787	-0.030540	0.005357	9.750783	0.016490	-0.012801	-0.061877	0.999778	0.000510	0.001271	0.021003
07788	-0.019040	0.012760	9.766703	0.027677	-0.004895	-0.045998	0.999778	0.000504	0.001272	0.021008
07789	-0.020383	0.023651	9.776748	0.025756	0.005939	-0.035925	0.999778	0.000506	0.001253	0.021022
07790	-0.036098	-0.003127	9.759684	0.010930	-0.021426	-0.052965	0.999778	0.000502	0.001255	0.021027
07791	-0.029494	0.006788	9.750785	0.017261	-0.011123	-0.061877	0.999779	0.000498	0.001274	0.021002
07792	-0.018131	0.014223	9.766702	0.028427	-0.003208	-0.046000	0.999779	0.000498	0.001261	0.020991
07793	-0.035623	-0.002035	9.759686	0.011450	-0.020138	-0.052963	0.999779	0.000493	0.001258	0.020988
07794	-0.028872	0.007820	9.750786	0.017789	-0.009850	-0.061876	0.999779	0.000483	0.001266	0.020990
07795	-0.036853	0.031847	9.746055	0.008871	0.013783	-0.066524	0.999779	0.000497	0.001267	0.020992
07796	-0.028553	0.008770	9.750787	0.018150	-0.009024	-0.061876	0.999779	0.000493	0.001265	0.020988
07797	-0.017047	0.015997	9.766702	0.029329	-0.001119	-0.046002	0.999779	0.000474	0.001259	0.020999
07798	-0.010284	0.026103	9.757798	0.035654	0.009160	-0.054918	0.999778	0.000505	0.001268	0.021013
07799	-0.029611	0.020609	9.760828	0.016549	0.002651	-0.051807	0.999779	0.000494	0.001255	0.020996
07800	-0.034228	0.000720	9.759692	0.012717	-0.017225	-0.052959	0.999779	0.000485	0.001262	0.020999
07801	-0.040414	0.014157	9.744916	0.005904	-0.004012	-0.067680	0.999779	0.000492	0.001256	0.020995
07802	-0.022252	0.031191	9.751923	0.023244	0.013748	-0.060726	0.999778	0.000485	0.001248	0.021006
07803	-0.026885	0.011442	9.750789	0.019393	-0.006122	-0.061876	0.999778	0.000487	0.001253	0.021008
07804	-0.044539	-0.004805	9.743784	0.002413	-0.023054	-0.068828	0.999778	0.000483	0.001250	0.021004
07805	-0.047818	0.016634	9.763863	-0.001650	-0.001789	-0.048694	0.999778	0.000485	0.001254	0.021007
07806	-0.026390	0.012703	9.750788	0.019927	-0.004881	-0.061877	0.999778	0.000491	0.001256	0.021020
07807	-0.021348	0.033043	9.751919	0.024130	0.015823	-0.060731	0.999778	0.000468	0.001256	0.021029
07808	-0.024194	0.002808	9.740751	0.022391	-0.014464	-0.071942	0.999778	0.000490	0.001245	0.021033
07809	-0.032227	0.004339	9.759697	0.014295	-0.013474	-0.052955	0.999778	0.000485	0.001246	0.021038
07810	-0.043470	-0.002355	9.743790	0.003467	-0.020558	-0.068823	0.999778	0.000485	0.001265	0.021033
07811	-0.018859	0.024317	9.741878	0.026952	0.007071	-0.070800	0.999778	0.000490	0.001248	0.021025
07812	-0.031551	0.028220	9.736007	0.014007	0.010420	-0.076604	0.999778	0.000488	0.001258	0.021025
07813	-0.026733	0.026018	9.760824	0.019046	0.008454	-0.051815	0.999778	0.000481	0.001250	0.021037
07814	-0.031391	0.006231	9.759699	0.015205	-0.011424	-0.052954	0.999778	0.000480	0.001257	0.021029
07815	-0.035861	0.009236	9.734883	0.010513	-0.008648	-0.077744	0.999778	0.000490	0.001252	0.021044
07816	-0.019685	0.014445	9.775604	0.026555	-0.003078	-0.037089	0.999778	0.000505	0.001246	0.021028
